0.21127815504192282	0.210933769621799	0.1658448491166801	0.21035741887490073	0.20158580734469714
0.2112746544248575	0.21103767098536946	0.1661731490774123	0.21015651887658418	0.20135800663577635
0.21112606332321235	0.21104427489869704	0.1662091299813117	0.2101098354874534	0.20151069630932525
0.21114193683796448	0.2110531727257432	0.16573546507423326	0.21059952374659738	0.20146990161546147
0.21096489811030897	0.21118310343013108	0.1660964681005678	0.21047339439747045	0.20128213596152145
0.2111968851770753	0.21111017314262395	0.16617374774383004	0.21020298019542807	0.2013162137410424
0.21100149667369142	0.21093203474190547	0.16640784699090005	0.21054783999255394	0.2011107816009489
0.2112149467829914	0.2111230001957054	0.1662277976934281	0.2102994282366697	0.20113482709120517
0.21114562537695777	0.21097624534735993	0.16596556566334814	0.2100792629514875	0.20183330066084645
0.21110096170395942	0.2110369972298654	0.16644435723286058	0.21019167122593863	0.20122601260737577
0.21100787529215645	0.21116875461666404	0.16620560424498593	0.21033424411752094	0.20128352172867242
0.21121947504213284	0.21099153886720257	0.1658296542110882	0.2105959370336738	0.20136339484590238
0.21118695145215563	0.2110024299785689	0.16580557064228785	0.21054046689224792	0.20146458103473946
0.21101176670910507	0.21115396237866085	0.1657012329804639	0.21065274040200047	0.20148029752976945
0.21096137539973603	0.21100302317745348	0.16629748507373165	0.21022394499902597	0.20151417135005265
0.21141724904803574	0.2109393361030005	0.16628469337608381	0.21018847715544792	0.20117024431743183
0.21099913375692886	0.2111482975552155	0.16570245508885953	0.2106236919157257	0.20152642168327023
0.2111208695817277	0.2111159080474517	0.16603371494089236	0.2106534756578404	0.2010760317720876
0.21139466677050153	0.21107509496013438	0.16602486542528083	0.2104983958212709	0.20100697702281212
0.21141902789636502	0.21113629810796508	0.16600313526016364	0.21046420254036666	0.20097733619513938
0.21128013472406462	0.21100293014499807	0.16605989975032495	0.21060374211480198	0.20105329326581015
0.21132737055835366	0.2110701038296629	0.16605762198084179	0.21036544877243812	0.20117945485870328
0.21116722521719147	0.2110563996818405	0.1662963904095864	0.2100637964396975	0.2014161882516839
0.21100307291957435	0.21100724492754944	0.1660664957852864	0.21029900613413446	0.20162418023345513
0.21107566328583943	0.21120087632871515	0.16598280546852015	0.21040562216686143	0.20133503275006362
0.21098575064032885	0.21097842645275042	0.16579704483304974	0.21004988784351242	0.20218889023035838
0.2112314036016313	0.21107372186817458	0.16573019926515803	0.21053073281404808	0.2014339424509878
0.21142987865737348	0.2110064727658568	0.16605217243929024	0.2102220582303403	0.201289417907139
0.2111115236770004	0.2109725994882435	0.16618925122728403	0.2102807803044466	0.20144584530302526
0.2112423362004314	0.21099972279255164	0.16589134440883282	0.21027489648577155	0.2015917001124124
0.21116162130354227	0.2112189870788857	0.16598446378968038	0.21007688607112876	0.20155804175676267
0.21100397563092388	0.21098173437130618	0.16644397134988234	0.21050386268440655	0.2010664559634808
0.2110337167248849	0.21117533127048363	0.1666456141059029	0.21011084383232947	0.20103449406639887
0.21106861364291124	0.21117926255247446	0.16585572012479313	0.21010576533748948	0.20179063834233144
0.21141876032586554	0.21110024015321233	0.16600225311797406	0.21044798877426285	0.20103075762868497
0.21099071750675652	0.21101959576275942	0.16634873836687386	0.21032933219444525	0.20131161616916474
0.21136182302237327	0.21105719764334424	0.1657086664415815	0.21016689172249048	0.20170542117021026
0.21103288609823428	0.21120897504249966	0.16585309155587652	0.2104364872396417	0.20146856006374758
0.21124466636857833	0.21117506534884986	0.16581077087513107	0.21083018682535448	0.200939310582086
0.21140794647165745	0.21119395940136196	0.16593018224119177	0.2101351952358631	0.2013327166499255
0.21113523313962396	0.21100105770346975	0.166160574808949	0.21058077555435203	0.20112235879360502
0.21100364541372715	0.2109808731544139	0.16630616727985081	0.2105187935078441	0.20119052064416376
0.21095920224566783	0.21108737746094638	0.16633507086022428	0.21025597540631255	0.20136237402684873
0.21106229994729211	0.21121029579805398	0.16652261300550855	0.21027912310599148	0.20092566814315363
0.21144546769524133	0.2109738955729025	0.16596125476237994	0.2106078595969604	0.20101152237251557
0.21145732098409042	0.2111941461160713	0.1657131476540234	0.21010464732105175	0.20153073792476292
0.21105230007842868	0.21121101858491742	0.16589215807576774	0.21019236218321247	0.20165216107767345
0.21104112520271795	0.21107232212500732	0.16617832611295183	0.21034213798846177	0.20136608857086088
0.21099801150954145	0.21110173923261896	0.165946785804029	0.21060624727198082	0.20134721618182957
0.2114084016386837	0.21092806456301416	0.1658737272976991	0.2107331226937667	0.2010566838068361
0.21132567863866353	0.2110085815028737	0.16606115526633247	0.21064748133461425	0.20095710325751584
0.21113411583010408	0.2111272263743158	0.16602963023542133	0.21069222237707963	0.2010168051830789
0.2114339555291142	0.21107011153365135	0.16615502418750153	0.21034032631974736	0.2010005824299853
0.21109799361059173	0.21119893143234805	0.1658279930784176	0.21056019283873947	0.2013148890399029
0.21136645926344108	0.2111762265772692	0.16586743956245195	0.21065567816602185	0.2009341964308157
0.21141337012635347	0.21097191484431796	0.1658553977910841	0.21032770468182796	0.20143161255641626
0.21138312627954156	0.21115354175484008	0.16590774579951773	0.21033835329878464	0.20121723286731577
0.21105429675736237	0.21111999783599966	0.1660087260244692	0.21077133968191186	0.20104563970025668
0.2109537961600133	0.21115389174255508	0.16588234041047067	0.21024665157625078	0.2017633201107099
0.21122675918668637	0.21116399879706355	0.16595891479030012	0.21047640524237474	0.20117392198357498
0.21101727528215242	0.21113698114213625	0.16601336740298014	0.21061484643236383	0.20121752974036713
0.21097691685568232	0.21107938458000802	0.16598222037952431	0.21012131113188162	0.2018401670529035
0.2113610299228039	0.21095886343409892	0.1657383847683586	0.2107014874618392	0.20124023441289918
0.2113440909384997	0.21121721413351102	0.16585059582865858	0.2101119001138467	0.2014761989854838
0.21105928189534098	0.2109881071287626	0.1658930038892889	0.2105050584730408	0.2015545486135665
0.2113655521732768	0.21111086257171674	0.16599846122079542	0.21010978755233714	0.20141533648187368
0.21096469638683182	0.21095985763466063	0.16620972390831554	0.21015311569298314	0.20171260637720864
0.21098855661224333	0.2110765391601985	0.16592437376458502	0.21010365137747217	0.20190687908550076
0.21102467021311797	0.21120094205014484	0.16663270383885176	0.21021175079217969	0.20092993310570556
0.2113338430598378	0.2109835197874817	0.16592079495206613	0.21054584544290894	0.2012159967577052
0.21097629633483705	0.21093548798872386	0.1661370060667932	0.21040851122641954	0.20154269838322608
0.21097497486077707	0.2111376916569674	0.16650411597914794	0.21013264176843074	0.20125057573467658
0.2111919386722004	0.2109384092028103	0.16606827647696387	0.21050062180455786	0.20130075384346732
0.21122921208501277	0.21100663318671226	0.16624015385503257	0.2103335744457702	0.201190426427472
0.21113978732933703	0.21111006468403323	0.16581542002886246	0.21031233498856433	0.2016223929692027
0.21103109640520779	0.21102271918889084	0.16604551218084235	0.21043598957717347	0.20146468264788533
0.21106866609385522	0.21109437157673477	0.16570961860687083	0.21049829894815178	0.20162904477438715
0.2109925900562855	0.21106586208361175	0.16653160346097945	0.21040722306174695	0.2010027213373761
0.21106427219942864	0.21117037513271414	0.16598495676337452	0.21037444217481233	0.20140595372967016
0.2113655057426515	0.21099115890038814	0.16582148356192397	0.21049416812731442	0.20132768366772175
0.21094651752712815	0.21115501419201077	0.1657661806459516	0.2101069923982959	0.20202529523661333
0.21109266448043193	0.2109791666982909	0.16592663775417607	0.21033892873401752	0.20166260233308336
0.21145656414572586	0.21097758119898008	0.1660978904325448	0.21042296739189298	0.20104499683085603
0.21100611965135624	0.21101096382024476	0.16599123742867833	0.2103471282451605	0.20164455085455993
0.21102457460172225	0.21098754108520024	0.1660048875552682	0.21042246506113546	0.20156053169667362
0.21140887263735295	0.21121963809369482	0.16622333393659677	0.21014298393754774	0.20100517139480747
0.21113328920240257	0.21100218126002235	0.16623692088205866	0.21027621151617515	0.20135139713934105
0.2114390925818425	0.21108981376937103	0.16589606275875482	0.21013052010652025	0.20144451078351117
0.21115326844943028	0.21098073351257562	0.16593379324648533	0.21066904442295323	0.20126316036855535
0.21134849320549234	0.21111912866414373	0.16596361058408693	0.2105152815168046	0.20105348602947215
0.21100825106742144	0.21111453045731515	0.1662716478557765	0.21017916478150683	0.20142640583797985
0.21115110907769422	0.21101405135999052	0.16621895440446963	0.21023110438603498	0.2013847807718104
0.2114366065102316	0.2111190173356124	0.16585232228104824	0.21038442409151115	0.20120762978159637
0.21137299561488218	0.21108759902243496	0.165814138327289	0.21045004324187389	0.20127522379351973
0.21135220540161492	0.21116481552861638	0.1657696382979798	0.21041081651131235	0.20130252426047632
0.21107578320159523	0.21094325922928953	0.1662905054593398	0.21020874214428548	0.20148170996548975
0.21132933655040168	0.2110726569255415	0.16570430889861146	0.21018496994977712	0.20170872767566803
0.21139617857170312	0.21109303182636358	0.1661548305624016	0.21037007024218252	0.20098588879734894
0.21102788275498946	0.21110952601085783	0.16611673200085092	0.21013037944112017	0.2016154797921814
0.21141998444257523	0.21094223768464565	0.16606473160134388	0.21039114713674417	0.20118189913469084
0.21118749416747268	0.2111257894299884	0.16609155016059146	0.21049158337258594	0.20110358286936134
0.2109540999720782	0.21118980479964092	0.1665978134446885	0.2100788273921327	0.20117945439145946
0.2110342166016591	0.21096560355006327	0.16647187276667708	0.21029784499303653	0.20123046208856377
0.2113773854525776	0.21100292178783897	0.16610031632491817	0.21027815846585554	0.2012412179688095
0.21134168285480842	0.21097209544106954	0.16600904941980044	0.21066545135096512	0.2010117209333562
0.21136473413208695	0.21109865416072213	0.16609852089509405	0.21016750098032866	0.201270589831768
0.21094222209443564	0.21101243429272634	0.16589174103802196	0.21046665394073247	0.20168694863408337
0.21095143203656228	0.2111161707570904	0.16628449357044758	0.21009214361845785	0.20155576001744166
0.21101237736471268	0.21114528204076075	0.16576665997915974	0.210607234328133	0.20146844628723362
0.2112527828923153	0.2109417769312177	0.16574117988276216	0.21060818938736806	0.20145607090633652
0.2112010647080548	0.2109558385098398	0.16620721044611603	0.210487100194536	0.20114878614145315
0.2110935751565384	0.21118375565468653	0.16610552688466215	0.21039427543378278	0.2012228668703299
0.21129008584318554	0.21095555303279745	0.1660653879703604	0.21065830242116465	0.20103067073249176
0.21115871467963834	0.21110618621095353	0.16595532103789445	0.21038452034638314	0.2013952577251303
0.21124685792572598	0.2109813774071528	0.16626776747347033	0.21042228651881015	0.2010817106748405
0.21111497625265607	0.21114015707291722	0.1658406784994798	0.2103697583420165	0.2015344298329302
0.21107306603118092	0.21104487007761855	0.1663311215396975	0.2102213776046698	0.20132956474683297
0.21102577616250492	0.21112494089747277	0.16590305750637682	0.2102269878821406	0.20171923755150467
0.21125809437368243	0.211015504911732	0.16600876349990146	0.21065170001880745	0.20106593719587645
0.21105363256691334	0.21113858160741988	0.16616456173935903	0.2101353406217339	0.20150788346457363
0.21120582332128407	0.2112206585061062	0.16589459387079697	0.21022641393998404	0.20145251036182849
0.21095417912299202	0.2110877412922165	0.1665095511412388	0.21029753918475616	0.2011509892587963
0.21123297541387823	0.21118555548993637	0.16613451777245208	0.2103107666758278	0.2011361846479053
0.2111844679805132	0.21093686483966587	0.16590564429917612	0.21066784979635453	0.20130517308429002
0.21099872609155013	0.21116698724865826	0.16630927721793798	0.2100513796702639	0.2014736297715895
0.21105389740556144	0.21110239437049952	0.16571337321795876	0.21027578523340704	0.20185454977257303
0.21126292980101055	0.21096781332406145	0.16622066452112977	0.2104831967661006	0.20106539558769743
0.2112040337418875	0.21121211080531935	0.1657787246904351	0.21016370725847572	0.2016414235038821
0.21107524961292762	0.21102426777365024	0.16584214797125368	0.21007759902879855	0.20198073561336968
0.2112195815040115	0.21101031649067106	0.16576425181250112	0.21013484300275512	0.20187100719006096
0.21098561208881056	0.2110751261659863	0.16576383145418916	0.2102542728430574	0.20192115744795633
0.21093954238012377	0.2109895177412132	0.165888416005344	0.2102504230227037	0.20193210085061508
0.21129956602468133	0.21112575428865266	0.16593150406564994	0.2106423829485024	0.20100079267251347
0.2113444091969264	0.21093736477934472	0.16618342435055586	0.21032228070734768	0.20121252096582512
0.2111978441682265	0.21113784758734153	0.16599045247317717	0.21059315254077288	0.20108070323048172
0.21111232023282017	0.21094624602359696	0.16578602819310928	0.21079225076620214	0.2013631547842712
0.21128080960009038	0.21093078314903485	0.16578679666817053	0.2107057604274423	0.20129585015526172
0.21140748023484512	0.21095067155204503	0.16584980435349955	0.2106379774513204	0.20115406640828967
0.21107550596135521	0.2111339002543863	0.16575251220836407	0.2106937807469307	0.20134430082896346
0.21109518621665635	0.21094501379630015	0.1658404155860802	0.21037293104210175	0.20174645335886132
0.2109459666270904	0.21115925887153303	0.16628070356159472	0.2101709930193854	0.20144307792039623
0.21129492432116492	0.21103749455629361	0.16596958270759538	0.21041878762269242	0.20127921079225344
0.2114369693712752	0.21105262306201564	0.16570430630053437	0.2102758955006688	0.20153020576550576
0.21127210307286276	0.21113708069455792	0.1658713312495081	0.21038528339804974	0.20133420158502124
0.2111538187701457	0.21108329043654697	0.16614838434862222	0.21036324352560307	0.2012512629190818
0.2109774775411781	0.2111132119069894	0.16578586488294053	0.21036124722752464	0.2017621984413671
0.2109848754715862	0.21112790070767182	0.1662514932482625	0.21057976065961606	0.20105596991286323
0.2109479094142722	0.2110231889014244	0.16647112208287393	0.2101715128985427	0.20138626670288656
0.2114254495584268	0.21105356219121668	0.16587882464573186	0.21043942115872308	0.20120274244590133
0.21123049689398177	0.21101166226744114	0.1657613454099161	0.21069379087279916	0.2013027045558616
0.21099028305901862	0.21103534512601949	0.1659078247736381	0.21072509836098252	0.20134144868034104
0.2110181267049226	0.21120359630572272	0.16660001739635943	0.2100602149759601	0.20111804461703492
0.21095839404621197	0.21097576198537962	0.16574346107098936	0.2102251577860105	0.20209722511140832
0.21129859617146296	0.2111162058198901	0.16588043861687007	0.21045693387039213	0.20124782552138448
0.21103348080641493	0.21100041507120593	0.16579107625364387	0.2104583074922093	0.20171672037652574
0.21115038779105508	0.2110445948706302	0.16629967921694627	0.21053847080816135	0.20096686731320687
0.2112679843444288	0.21122234063018983	0.16619212373893547	0.21027306197328485	0.2010444893131608
0.2111474209582273	0.21093137346613094	0.1662833947165403	0.21050136228224714	0.20113644857685412
0.2112260256980936	0.21106604156107714	0.16596225531521047	0.21038477082820478	0.2013609065974138
0.21119019499539948	0.21120115321078822	0.16577368092931827	0.21027526255323475	0.20155970831125905
0.21106949980094342	0.21097838519720719	0.16588517343921005	0.21015659415572227	0.20191034740691682
0.21095613683549583	0.21115295430408212	0.16624145155802508	0.21054471296577665	0.2011047443366201
0.21128218823447475	0.2112054352130567	0.16584971431820125	0.2107075484875631	0.20095511374670397
0.21107560585473495	0.21117687430904902	0.16622038158004038	0.21028827350589324	0.2012388647502822
0.21143475841664436	0.2111703896288361	0.1660508189082542	0.21014561372245727	0.20119841932380783
0.2110309462602602	0.21120387601930066	0.1657723527244881	0.21027260893150798	0.20172021606444285
0.2110014937059476	0.21097231447135814	0.16616187727623	0.21061209852271412	0.20125221602374993
0.21118565008897014	0.21107185438690126	0.1663904170016503	0.21033556092538006	0.201016517597098
0.21136770219422157	0.21120166030805493	0.16574089572811224	0.2102885150434524	0.20140122672615862
0.21130633817701736	0.21118502372264703	0.1662664280877233	0.2100742888939805	0.2011679211186316
0.21116341098943003	0.21105209617136295	0.16593438833055388	0.21044321961879806	0.20140688488985486
0.21095371293541385	0.211180398929989	0.16587906539506578	0.21005661773110107	0.20193020500843004
0.2111018081953342	0.21120047297481384	0.1662166009322138	0.21054076345456252	0.20094035444307543
0.21108391325012013	0.21095624668903135	0.1664385120607176	0.21041347336325908	0.2011078546368716
0.2112718600694862	0.21110946742682293	0.16615600954174842	0.21026673606974336	0.20119592689219887
0.21143560680917622	0.2110232867052109	0.1663407774309112	0.21009814042561464	0.20110218862908685
0.21103192361456394	0.21103557828036795	0.1661430781049485	0.21025714941692075	0.20153227058319859
0.21122278869038696	0.21094013323137747	0.16612151431031066	0.2104009543197569	0.2013146094481678
0.21102345860772162	0.21103935162747653	0.16606137544451155	0.21069111782337338	0.20118469649691667
0.21135313240713055	0.21120078367268127	0.16575376874573056	0.21059190012466886	0.20110041504978854
0.21096901097702436	0.21115258376209367	0.1666054316157825	0.21007406140322074	0.20119891224187847
0.21111437188962823	0.21095450845213923	0.16572449764904523	0.21048016711274464	0.20172645489644245
0.21129898806106373	0.21097692134028279	0.1657253755369395	0.21016293169106642	0.2018357833706473
0.2110093719193757	0.21109592776910938	0.16616505120635722	0.21074382528963206	0.20098582381552543
0.21111265651553413	0.21104561712070335	0.16647481842601822	0.21032891822038274	0.2010379897173613
0.21110081384409513	0.21121221215722463	0.16619162770980486	0.21031415299772982	0.20118119329114534
0.21104175120927623	0.21103670121381637	0.1664525643648491	0.21037608123298404	0.20109290197907403
0.2110128867918901	0.21100321664047342	0.16597650917203946	0.2107240675606593	0.2012833198349375
0.21108094385109302	0.21105953792542476	0.1661641179088814	0.21058397674131912	0.2011114235732815
0.21142066840396198	0.21111190576537606	0.16592737707443017	0.2105432501659448	0.20099679859028677
0.21100026520621434	0.21103024649803184	0.1665218261357375	0.2101947657975223	0.20125289636249377
0.2112079918367725	0.21096574759813022	0.16587956517946306	0.21084281945482622	0.20110387593080772
0.21144641631017191	0.21100294445663992	0.1660163653112722	0.21006883081309383	0.20146544310882192
0.2110840534615553	0.21117897909086364	0.16633085285320226	0.21016934142233878	0.2012367731720398
0.21102950210501084	0.21104312944423526	0.16643314382432894	0.21012407205609726	0.2013701525703275
0.21097599210984028	0.2111168875491433	0.16616144499604074	0.21025528165880408	0.2014903936861714
0.2112558235499308	0.21099664869076706	0.1661455902342363	0.2101140986966839	0.20148783882838167
0.21103495916418125	0.21122189908182604	0.16617323764505193	0.21008037112140526	0.2014895329875353
0.21100741481803292	0.21114470922317896	0.16600504973522706	0.21033669306798347	0.20150613315557736
0.21097495751846837	0.21100928293524127	0.1662135746726901	0.21029084409113344	0.2015113407824666
0.21131676318669038	0.21110202055641283	0.16579313541285756	0.21036399286588017	0.2014240879781588
0.2111157247381891	0.2111512837017122	0.16578880370671142	0.2107214560681496	0.20122273178523745
0.21138530476253717	0.2110955860608878	0.16602652958217184	0.21029139165380423	0.20120118794059874
0.21099394941837912	0.2111884450849537	0.16650065547560494	0.21022313049997998	0.20109381952108202
0.21121108450682863	0.2110657876987391	0.16577116202727418	0.21047688004710577	0.20147508572005207
0.21122729505191415	0.21099389831831217	0.1664145401300834	0.2101046778369685	0.20125958866272156
0.21097964238609948	0.21094255017809052	0.16641926561832482	0.2103154510971981	0.20134309072028683
0.21121004792881198	0.21112257482212823	0.16619103847943667	0.2101690358147367	0.2013073029548862
0.21101607832827973	0.21104808697696822	0.16650053308486087	0.21037784234290968	0.20105745926698126
0.21146296661429426	0.21120963388735425	0.16578296073052537	0.2104308193080445	0.2011136194597814
0.21127672770989048	0.2110056102413842	0.16611422418430877	0.21009781872719688	0.20150561913721943
0.21121461755342294	0.2110761681483392	0.1662920540882158	0.2104387921597633	0.20097836805025857
0.21111620097901238	0.21108671644565663	0.16594282277397984	0.21014845513923283	0.2017058046621181
0.2110885923464251	0.21113070964170277	0.1658034678347573	0.21005055440066037	0.20192667577645423
0.2111800956846731	0.2109382583610396	0.1658269301089088	0.21014696551915754	0.20190775032622071
0.2111810269936801	0.21106855231255828	0.1661284479040666	0.21036785094658272	0.20125412184311203
0.2110304246283278	0.21118215841520246	0.16644815824418513	0.21006215126258027	0.20127710744970412
0.21098813302855285	0.21114828933300234	0.16612563828716678	0.2107710999583174	0.2009668393929604
0.21111051644759207	0.21108737279412487	0.16587106487282954	0.2106147745890188	0.20131627129643448
0.21139999709721496	0.21121594217841455	0.16604823016937215	0.21018726745129604	0.20114856310370205
0.21131690873778863	0.2110288018844585	0.16590406613575556	0.21046509163258392	0.20128513160941316
0.21145514415937197	0.21106096647990225	0.16602253365841532	0.21044221777428065	0.20101913792802956
0.2113255808791849	0.21121407868878173	0.16578692871414324	0.21069108798890107	0.2009823237289888
0.2112484922215093	0.21094932487007478	0.16598054525302466	0.2105688084698235	0.20125282918556753
0.21122238376569652	0.21110020532518067	0.16577333298416233	0.21055256368547082	0.2013515142394894
0.21146087631497254	0.211044506460518	0.16583241396074117	0.21054341841147087	0.2011187848522972
0.2112445976921807	0.2111770481113294	0.16598901706352762	0.2104423193160213	0.20114701781694075
0.2110310704139318	0.2111816766994901	0.16609757835181263	0.21011101045311498	0.2015786640816503
0.21134654002400438	0.21099395470427987	0.1661821232922369	0.21009140518617622	0.2013859767933024
0.21137219791468156	0.2110101616425955	0.16579193089785263	0.21055520715722537	0.2012705023876447
0.2110856109615232	0.2109713084048197	0.16608870851530577	0.21031074181702822	0.2015436303013229
0.21116275538611284	0.2111931966774135	0.16603300757870404	0.21019320626585947	0.2014178340919099
0.21139862796928913	0.2110133073238883	0.1657552397303645	0.21023386584170117	0.2015989591347567
0.21135163160643683	0.21116790354068227	0.1659295164812125	0.21045050163272497	0.2011004467389432
0.2109796803112134	0.21096108161411434	0.16574641898250406	0.2100473120585434	0.20226550703362456
0.2112717129842602	0.2110691612543826	0.16616991535711859	0.2104615232548476	0.20102768714939076
0.21102996810923133	0.21097774088519491	0.16614866349645552	0.2102401357760924	0.20160349173302566
0.2111924067696457	0.2111879503466423	0.16588421467851358	0.21014110788968143	0.20159432031551675
0.211066818968333	0.21099638926014885	0.16581232135699153	0.21004645364873092	0.20207801676579548
0.21101638192897335	0.211221029115434	0.1662691892430395	0.21013307980193968	0.20136031991061326
0.2110009355727831	0.21106119151437944	0.1657536681459487	0.21027668791801848	0.20190751684887007
0.2109403103783356	0.21104133702787284	0.16575731241611522	0.21009775451482154	0.20216328566285455
0.21100212910744764	0.2110822435381897	0.16622059440238776	0.21041941249755391	0.20127562045442074
0.2111953692108434	0.21104664221043773	0.1662591121180127	0.21028000797281643	0.2012188684878895
0.21096704117307202	0.21102391060409198	0.16634427376389094	0.21037397971914654	0.2012907947397983
0.2112543454313443	0.21101902112862395	0.16610931010452754	0.21056884825672842	0.20104847507877555
0.21130527957424755	0.210987636085299	0.16606953993720724	0.21058819610818796	0.20104934829505802
0.21130599957119103	0.2110174738770965	0.16610051275680074	0.21013718384584987	0.20143882994906165
0.21100929059747825	0.21117702483248318	0.16639768699538976	0.2103172505692585	0.20109874700539007
0.21112744330702116	0.21106255976068372	0.16581158631587187	0.21011099071216294	0.2018874199042601
0.2111707096799794	0.21104400906088389	0.16665751814248456	0.2101706733744704	0.20095708974218152
0.21102345692465108	0.21111472368345247	0.16624896176176612	0.21013993807372885	0.20147291955640123
0.21124645561915725	0.2110609627613771	0.16580624521171314	0.21044257619356707	0.20144376021418522
0.21143076590632598	0.21096420097448743	0.1659381588528624	0.2104954208445925	0.20117145342173146
0.2109581319621928	0.21106878763564324	0.16639065018039956	0.21021628233806738	0.20136614788369683
0.21094574884447861	0.21109438281513737	0.16640943135675224	0.21021101547720145	0.2013394215064301
0.21125521607057496	0.2111933988432532	0.1659984512173872	0.2104569981692851	0.2010959356994993
0.21107022087142108	0.21103761455508582	0.16610068325796928	0.2103189918888338	0.20147248942668977
0.2111284417677572	0.21093588257463555	0.16618048095924726	0.21060669090218062	0.20114850379617913
0.2114769410482421	0.21098445780378755	0.16579939501807478	0.21077636431224034	0.20096284181765497
0.21099527072185686	0.21108158238801086	0.16628014219205844	0.2104770043309384	0.2011660003671352
0.21098626113140118	0.21117744067756503	0.1664073684083642	0.2103869467787432	0.20104198300392617
0.2113270991085989	0.21109596806654782	0.166032654385306	0.21012423608418504	0.201420042355362
0.21138373509984748	0.21114217822459092	0.16575384861413622	0.21023883363731322	0.20148140442411194
0.2111302365042773	0.21107887294515545	0.16570646786022317	0.21041133599649697	0.20167308669384687
0.21143111965276348	0.21114116204206512	0.16590434537278043	0.21011872658800873	0.201404646344382
0.21133826931384375	0.21102126214507555	0.16582768499070816	0.2107061188851923	0.20110666466518004
0.21096897054171426	0.21095294993055427	0.16596603052075298	0.2101022831153607	0.2020097658916176
0.21125060345649016	0.21098144779608452	0.16599769415878252	0.210385648191805	0.20138460639683756
0.2110616023092461	0.21116874516331316	0.16585699458503222	0.21043345717141962	0.2014792007709887
0.2110870416036355	0.21106029210125926	0.16615735741743312	0.21005744142246038	0.20163786745521148
0.21126634319157073	0.21117184074971543	0.16590113868966042	0.2101676342671198	0.20149304310193342
0.21132410650678046	0.21100884286207341	0.1659925938048079	0.2102833760336234	0.20139108079271462
0.2110999434226757	0.21117563422471183	0.1664189425707713	0.21028542521459737	0.20102005456724353
0.211444805551313	0.2109427801557082	0.16598795820946124	0.21028050999513745	0.20134394608837988
0.21120146631249498	0.21109065740413405	0.16598175368269524	0.21078951934271922	0.2009366032579563
0.21111974736863057	0.2110612675954723	0.1658203003506371	0.21012697255813378	0.201871712127126
0.21123676408309777	0.2110444087008434	0.16640754271471245	0.2101006892638859	0.20121059523746024
0.21095501675396416	0.21102591887316408	0.1666676863894469	0.21025808934878099	0.20109328863464362
0.2109596108352965	0.21096853684233394	0.16667562065054053	0.21021113543955786	0.20118509623227093
0.21126211744479526	0.2109720458788759	0.16594638247186824	0.21060814013287382	0.20121131407158652
0.21109610546716281	0.21098053750050066	0.16618512090938775	0.21010994483114362	0.20162829129180493
0.21117861641939337	0.21105907850756161	0.16612384528180132	0.21056612663584484	0.20107233315539866
0.2110066961659238	0.21112281784854475	0.1660056772722061	0.21078819376480726	0.20107661494851783
0.21118028024465316	0.21116054354025576	0.16578175135530065	0.21071084470964216	0.20116658015014802
0.21127823176720908	0.21116537007423697	0.166227302920587	0.2102965947090491	0.20103250052891763
0.21114650322066503	0.21095081777933183	0.16589170384726348	0.2103934930190852	0.2016174821336542
0.21101291585682036	0.21102807481384703	0.16643517754414952	0.21032534915517065	0.2011984826300122
0.211166934112596	0.2110364002116126	0.16600271721858562	0.21075018792181419	0.20104376053539136
0.21123482559122553	0.21093064505147285	0.16615440839256454	0.21007827844034196	0.2016018425243949
0.21128016114198048	0.2110854829154973	0.1659019127851204	0.2104136502941436	0.201318792863258
0.21099173708545851	0.21097160419090674	0.16615585696861626	0.2100489664010973	0.20183183535392094
0.21115915637003976	0.21113604927167068	0.1663062666160656	0.21028091458845907	0.2011176131537647
0.21105113587441074	0.21112574196715764	0.16640913939532848	0.2104771576796843	0.20093682508341862
0.21108463334096014	0.21098282268895224	0.16630032079829396	0.21065993252276308	0.20097229064903036
0.21120786948113346	0.2111611043433564	0.16591075336659739	0.21034710054165498	0.2013731722672576
0.21145539251166845	0.21101792505612005	0.16645885047542328	0.21007985661923467	0.20098797533755333
0.21130847787417523	0.21100413295917989	0.1659668480369165	0.21072082012662025	0.2009997210031079
0.21117280035610336	0.21111002994665498	0.16587984880846385	0.21018397627163576	0.20165334461714185
0.2114604798355382	0.21103144427692339	0.16576817471634864	0.21028063025231136	0.2014592709188782
0.21129417870806422	0.21112500974140208	0.1663219180875131	0.2102771862720561	0.20098170719096428
0.21095726850564886	0.21116300362569632	0.1661604087422895	0.2106565292793762	0.2010627898469889
0.2110774870396095	0.2109327639055409	0.16662545888982191	0.21009388211466162	0.20127040805036586
0.21108131101270108	0.21097761083360736	0.16585444104548827	0.2105255102172524	0.20156112689095068
0.2112335919946291	0.21118968427687534	0.16576119900952163	0.21051908765197663	0.2012964370669971
0.21103585761667712	0.21094994579519288	0.16641586706872644	0.21021017995637406	0.20138814956302922
0.2111776381668699	0.21106365145480105	0.16611653013633218	0.21014828037652306	0.20149389986547359
0.21142653886916224	0.21107012492605026	0.16603569823493364	0.21032258138078017	0.20114505658907347
0.21100072903658174	0.2110577033139556	0.1658159032142281	0.21031052247140136	0.201815141963833
0.21114759544984035	0.21101100386577	0.16605283351167274	0.2106436572242329	0.20114490994848377
0.210985650136893	0.21101442800235046	0.16590003718586502	0.2105159054021148	0.2015839792727765
0.21106208178756233	0.21095210203208267	0.16575991378798677	0.21006064046997588	0.20216526192239212
0.21096019382768758	0.21109873194698436	0.16575757873974784	0.2102337550705931	0.2019497404149869
0.21105717953458833	0.21105019627178126	0.1665923194885	0.210275206256996	0.20102509844813415
0.2113197223499598	0.2110363303231497	0.1657101078006957	0.21039780350860074	0.20153603601759384
0.21108038031006668	0.21110335971977195	0.16584815741060288	0.21010395237301813	0.20186415018654014
0.21126394595841694	0.21097041965248728	0.16607175222525217	0.21044100617323447	0.20125287599060893
0.2110323179213223	0.21105734729425465	0.16622181627716898	0.21050005789698825	0.2011884606102656
0.21144911964935542	0.21119064871933027	0.16633971696993208	0.21009954939157457	0.2009209652698074
0.21117509842748014	0.21108962190658434	0.16597536311192074	0.2104260302178492	0.2013338863361654
0.21113800889941284	0.21102985398851834	0.1657142814679189	0.21081499524798644	0.20130286039616327
0.21099511685488578	0.2109633838454214	0.16633602727334135	0.2103830367373688	0.20132243528898247
0.21129937554661335	0.21099720005078454	0.16601791576306654	0.21037665299592997	0.20130885564360537
0.21132059908129203	0.21093920751552206	0.16570617663577022	0.2105836817428752	0.20145033502454024
0.21130363176142342	0.21102689333254693	0.16601280472113053	0.2104753922405281	0.20118127794437077
0.21108585690026815	0.2110856573006049	0.16593481009764524	0.21031961855463138	0.20157405714685006
0.21098220154301428	0.2109333654261366	0.16612603694547126	0.21007627230016995	0.20188212378520767
0.21095711831883399	0.21099107676232023	0.16644328200895925	0.21008241229079805	0.20152611061908826
0.21112900350409353	0.21100612801187058	0.16618368236906889	0.21036775259491425	0.20131343352005251
0.21108490820571263	0.2110340353631907	0.1663034382711461	0.21053666759491854	0.20104095056503177
0.2113820296928495	0.2109323934412283	0.1665144565442669	0.21013331846078828	0.2010378018608668
0.21100189538916378	0.21094871315243569	0.16606305516842323	0.21061318481568314	0.20137315147429397
0.21116825811128329	0.211102230128328	0.16634342346233436	0.21043438865666858	0.20095169964138554
0.21107087737819422	0.21121717216287672	0.16622281977259698	0.21004852440092503	0.20144060628540683
0.21126250148180242	0.21094181801461123	0.16594724925751075	0.21044063051265985	0.20140780073341552
0.2110714097802983	0.21121929882883794	0.16576505829552415	0.21065973280636108	0.20128450028897826
0.21142288317559796	0.2111288836646173	0.16574403544677072	0.21077264780075824	0.20093154991225554
0.21118821014738212	0.21114914678761557	0.16588223632226962	0.21041892280445768	0.2013614839382748
0.21108447098852157	0.2110423214649808	0.16570837988600517	0.2107644800128727	0.2014003476476195
0.21127698836980918	0.21099193721316448	0.1661851682177203	0.21033051814619402	0.20121538805311176
0.21127102368314987	0.21094728811713373	0.16627553686888427	0.2101201924311414	0.20138595889969052
0.21104215520082156	0.2110741170928061	0.16615735963990513	0.2104850944688066	0.20124127359766036
0.2109372542181287	0.21116559541430785	0.16609454421662045	0.21037648973475093	0.20142611641619185
0.21100138197556179	0.21114154524385112	0.16604079585068182	0.210054029158765	0.20176224777114002
0.21116202084167954	0.21095055537365243	0.16655561221516257	0.21021786773628598	0.20111394383321923
0.21136696059471416	0.2110357271739203	0.16636801569177598	0.21013039538619158	0.20109890115339774
0.2109419076210638	0.21101110331205516	0.16577783382930045	0.21067282610075355	0.20159632913682682
0.21144001882493238	0.21106534102839117	0.16575630555736123	0.21074768776727332	0.20099064682204168
0.21108809530307057	0.21103917801589692	0.1660661754198703	0.21046673509173697	0.201339816169425
0.21124074814593782	0.21101825158712842	0.16602081423113774	0.21019336287740387	0.20152682315839193
0.2111838031321088	0.2111355393964325	0.16578827788351674	0.2107435922947471	0.20114878729319463
0.21131099562481154	0.2110471117239664	0.16619428101658779	0.21035323439051237	0.20109437724412169
0.21112202595025203	0.2111496905215996	0.16612393606050624	0.21035387690332064	0.20125047056432127
0.2111830245366608	0.211034366135686	0.16590715319519478	0.21068539200644532	0.2011900641260129
0.21101405304829238	0.21109689696792605	0.16596936610997617	0.2101532956297931	0.20176638824401208
0.21135814467895458	0.21104893232136065	0.1660211437058841	0.21045746155575015	0.20111431773805025
0.21098106148783297	0.21115564344852777	0.16600456256823312	0.21068892019274285	0.20116981230266304
0.21124939121649328	0.21092882808867836	0.16584405565564114	0.2107768651585447	0.2012008598806423
0.21113491119871228	0.21119369648605332	0.16607308352319944	0.21054022394834046	0.20105808484369425
0.21114740988050357	0.21094474258833906	0.16603399618117404	0.2104320212185339	0.2014418301314492
0.2113884924468126	0.2112121301374495	0.16596729568177088	0.21033483410836065	0.20109724762560616
0.2109742172930188	0.21121445119336102	0.1665478187751504	0.21028961630314807	0.2009738964353215
0.21115697638141576	0.2111598349780683	0.16577582119311016	0.21061550629774456	0.20129186114966097
0.2110098362824548	0.21118261024799465	0.16571256043188132	0.21078155492886116	0.20131343810880786
0.2110888896643846	0.2109722275533624	0.1662229638955225	0.21043968443104238	0.2012762344556879
0.21102476480042281	0.21109693135293053	0.1665878944355473	0.21036023457224687	0.20093017483885223
0.21123111490512017	0.21105687962690123	0.16583934851853216	0.21023088433888718	0.20164177261055904
0.21136829930482848	0.21107628628280467	0.16572108346061062	0.21049140207778488	0.2013429288739711
0.2113133155849415	0.21121524566873467	0.16583185388765997	0.2105143980131921	0.2011251868454715
0.21095654901107813	0.21102058533794849	0.16588423684000136	0.21039034581673502	0.20174828299423675
0.2114652261466558	0.2109725639836137	0.16634051208882664	0.21024313108382683	0.2009785666970768
0.21113321655435732	0.21108080634256793	0.16578456072828396	0.2105330671420581	0.20146834923273246
0.21134400819477056	0.21105457178494905	0.16586422738138945	0.2101661557307516	0.20157103690813913
0.2113951638456779	0.2109431023227218	0.16622481500068592	0.21024484811385236	0.20119207071706183
0.21144985659622856	0.21102483900765595	0.1657254448574612	0.21081038086581083	0.2009894786728432
0.2110325733339994	0.21098926296612527	0.16639745551006532	0.21007644843939877	0.20150425975041097
0.21139148936588323	0.2111884249180325	0.16573386987776587	0.2106392957623915	0.20104692007592673
0.2109633528348649	0.21095824444279856	0.16625824000664052	0.21074344218349728	0.2010767205321985
0.21103617654675663	0.2110002147586256	0.16610629749514394	0.21060480448890473	0.2012525067105689
0.21128214575636606	0.21099300494395784	0.16593051988608754	0.21064334340642582	0.20115098600716255
0.21094827716992706	0.21109802647067596	0.16638976749566486	0.2101205202097613	0.20144340865397056
0.21095142786249352	0.2109561663114645	0.1658133210019977	0.2105141406626055	0.2017649441614386
0.21136924513503824	0.21113743770473153	0.1658123561092362	0.21044130863679583	0.20123965241419794
0.21093704639625407	0.211132037446569	0.16572458801513487	0.21080069920899358	0.20140562893304825
0.2110821614735776	0.2111798324122203	0.1662685577652639	0.21032804883277842	0.20114139951615953
0.2112692267156039	0.21116801610891153	0.1659485496529361	0.21008109377055995	0.2015331137519883
0.2111252803211062	0.21096630627760413	0.16649593102755386	0.21026248264227346	0.20114999973146214
0.21118784777489086	0.21101737889694416	0.1663719111746726	0.2101067148311442	0.20131614732234793
0.21147528880271085	0.21094464626369205	0.1662005833608849	0.210171697484402	0.20120778408830994
0.21143366272184588	0.21111780386709494	0.16585898688196568	0.21052186236805415	0.2010676841610391
0.21123662920813369	0.2111257039797015	0.16603356431622435	0.2102240969286938	0.20138000556724645
0.21130299072440945	0.2110805773819672	0.16596631717390903	0.21019211507257812	0.20145799964713595
0.21113868017573986	0.21107311787276128	0.1660862108804297	0.21054041821758623	0.20116157285348268
0.21115676617450102	0.21121978991413753	0.16618248748194986	0.2104192493135978	0.20102170711581357
0.21114834966596324	0.21113445400868264	0.16586735472921194	0.21005599456339347	0.2017938470327485
0.211010165596089	0.21116002357596497	0.1663441540744916	0.21053431865142375	0.20095133810203045
0.21097596228607016	0.21118875507781215	0.16666022876068443	0.21013589675884195	0.20103915711659107
0.21116842053812182	0.21108552589710172	0.16599384054475944	0.2102170541652495	0.2015351588547673
0.21093817351875416	0.21095080849734985	0.16653819421379276	0.21007566375490583	0.2014971600151972
0.21144236107291373	0.21099162244942185	0.16625530506774466	0.21023642826198632	0.20107428314793319
0.21123520252227881	0.21093849117852123	0.16579691745255642	0.2102099904596314	0.2018193983870119
0.2112291839665597	0.21112651931597068	0.16589005645784147	0.21051765859983693	0.20123658165979097
0.21103320123976949	0.21095913529408422	0.16612010346630787	0.21023548412247256	0.2016520758773656
0.21139588306016271	0.2111320386864353	0.16619999524464082	0.21013911366639662	0.20113296934236433
0.2112813740873413	0.21117518144069083	0.16606634284441102	0.21006871084368217	0.20140839078387446
0.2109646183763068	0.210994158120058	0.1659187411821924	0.21008343668928203	0.20203904563216052
0.2111093548363252	0.21111211022691262	0.16572548675297485	0.2104397678866025	0.20161328029718456
0.21103078809331743	0.21113406895467912	0.1661183162819777	0.21019185721554956	0.20152496945447596
0.21098354813016396	0.2109476731960574	0.16594155728188395	0.21040882305257186	0.20171839833932262
0.21123265302264146	0.21105714516488583	0.16592655559488018	0.21008033170338575	0.20170331451420656
0.2110744017504849	0.2110704719897562	0.1662825385137901	0.21034954499193687	0.20122304275403172
0.21106311665144278	0.21113899874869624	0.16651314875564124	0.21026638347292043	0.20101835237129909
0.21123183650196264	0.21101702703986877	0.16600220359529141	0.2101575080393912	0.20159142482348574
0.2113761481206217	0.2110143452479414	0.16572186764836017	0.21066675437128077	0.20122088461179571
0.21110993801933434	0.2111542644174727	0.16639493840074002	0.21007210704652474	0.20126875211592798
0.21139508336133533	0.21106240709079402	0.16580840441871889	0.21009439667277147	0.20163970845638005
0.2112887765503929	0.21106557396390171	0.1658232432950375	0.21051363614696822	0.20130877004369943
0.211315515940885	0.21119277892506527	0.16603053904786066	0.21015119752895928	0.20130996855722957
0.21118077128687812	0.21110672738355898	0.1657851563846985	0.21044865043404545	0.2014786945108187
0.21143348800681827	0.21095176982445027	0.16588760644593162	0.21047596147794992	0.2012511742448497
0.21116189146353578	0.2109324611356978	0.16581991840033428	0.21059360048077405	0.20149212851965784
0.21116296056510475	0.21102259645576146	0.1662631595572463	0.2106250262473473	0.20092625717453996
0.2113414059789544	0.2111149407487114	0.16614550552603083	0.21046088900488089	0.20093725874142226
0.21111759329442298	0.21120627915575393	0.16646857369058127	0.21023925816926978	0.20096829568997182
0.21117557546018742	0.2111127954163491	0.16642833376865188	0.21030233962945036	0.200980955725361
0.21111339748769448	0.21105905162147445	0.16595080046618	0.21030506221930498	0.20157168820534585
0.21127478527040364	0.21102019541657463	0.16582936003405996	0.2101224496710302	0.20175320960793136
0.21103854195912242	0.21097274143291528	0.16575433281195645	0.21024938457618828	0.20198499921981733
0.21113757218792062	0.21111113800666484	0.166616670357963	0.21005687578261978	0.20107774366483155
0.21128938776164707	0.2111968712706624	0.16591167458037007	0.21005285483649241	0.20154921155082783
0.21133424694195888	0.21114331233174588	0.165749003760834	0.21012931963639775	0.20164411732906326
0.21133385116205144	0.21108156686574062	0.16638953955118735	0.21016822209213767	0.20102682032888267
0.21136967332956044	0.21113692567873735	0.16578202253584498	0.2104300781134372	0.20128130034241978
0.2111946745784208	0.21097574191829271	0.16636567225657328	0.21041358966893553	0.20105032157777744
0.21132990370002164	0.21096181795149593	0.1662945922977686	0.21031312795608278	0.20110055809463082
0.21132849664939812	0.21112353644573192	0.165938292654471	0.21043442797770126	0.20117524627269748
0.21104504223844567	0.21109987891729887	0.16659306911456342	0.2102359987986441	0.20102601093104774
0.21145690893359764	0.21103669749281762	0.1663242733451694	0.2100698281349286	0.2011122920934865
0.21143144832883115	0.21114164192759646	0.1658316838638978	0.210502646457576	0.20109257942209838
0.21130684879016154	0.21093747917537087	0.16589319730706056	0.21004718363495622	0.20181529109245055
0.21101457786757416	0.21093986375052584	0.16630117694444	0.21022699545099652	0.20151738598646324
0.21113857637334754	0.21103736290342393	0.16601174181045486	0.21048424943591632	0.2013280694768571
0.21102644053058256	0.211191264597924	0.1660281285709557	0.21030949885933473	0.20144466744120276
0.21133122411962219	0.21105221461443482	0.1662501662686849	0.21032933318171332	0.20103706181554454
0.21137901208044063	0.21113402198280246	0.16614368391066392	0.21012746894906795	0.20121581307702482
0.2111477560338063	0.21114980251335083	0.16646045073346027	0.21006878202116158	0.20117320869822078
0.2109587200555531	0.21121546422620588	0.1657299960439158	0.21010210418004133	0.20199371549428366
0.21115658954996364	0.21114417730020107	0.16577366473048594	0.21008738066715826	0.20183818775219087
0.21135754370576873	0.21119714593753747	0.16603318531257424	0.21013398208437264	0.2012781429597467
0.21122940090930656	0.21115975843913645	0.16600006308050455	0.21026986150440669	0.20134091606664553
0.21106614326691395	0.21097999168617437	0.16637584318621326	0.21037428556804766	0.2012037362926505
0.21141193757404544	0.21106800338347248	0.16582978656083847	0.21072214789387778	0.2009681245877656
0.2114555276582245	0.21109548677195872	0.16588564006648246	0.21063379270052088	0.2009295528028132
0.21097488719860055	0.21120783237184979	0.16573732433856964	0.21029272014824169	0.20178723594273815
0.21119704419073448	0.2111757644453342	0.16621681750214756	0.21031606203104491	0.20109431183073861
0.21119454332387613	0.21098771497955	0.1661872988241161	0.21028329015260225	0.20134715271985534
0.21134430697513917	0.21113357989484932	0.16637095102999894	0.21014738322993065	0.20100377887008167
0.2113607392499969	0.21101319441742175	0.16601665911380187	0.21016880254396628	0.20144060467481295
0.2111613922371778	0.21098900651375138	0.16601010426494836	0.2102872905155209	0.20155220646860136
0.2109604817414217	0.21109748675190784	0.16593731428236572	0.210439226658337	0.2015654905659675
0.21097852352558413	0.21093061358966297	0.1657550347271195	0.210641075388505	0.20169475276912818
0.2110298378194055	0.21101769819495608	0.16624403396527757	0.2103824345019179	0.2013259955184427
0.21145648922359764	0.21105026286197937	0.16611368641451285	0.2102179938722558	0.20116156762765414
0.21109501158633873	0.2111023697681348	0.16621275410025022	0.21062126294870084	0.2009686015965752
0.21122933199651653	0.2111620435954606	0.16597813081713397	0.2101278757588227	0.201502617832066
0.2110892917248071	0.21103499660945962	0.16645763935801688	0.2102588870190617	0.20115918528865448
0.21142712258928387	0.2110763519810109	0.1660168029929628	0.2104702014783568	0.2010095209583854
0.21119278337175762	0.21109578958301115	0.1659595232828174	0.21060681010574664	0.20114509365666697
0.21123435877538002	0.21112304788183187	0.16613636595808115	0.2100990519936194	0.20140717539108735
0.211239989097674	0.21105626977651326	0.1658536081418716	0.2107677160538639	0.201082416930077
0.211212636359721	0.21110151999931276	0.1660180347630489	0.2101240132164663	0.2015437956614508
0.21135670707091234	0.2110158047229608	0.1660023259313776	0.21014509773046952	0.20148006454427955
0.21147675687292936	0.21110514006029107	0.16589103218440465	0.2103190969963684	0.2012079738860063
0.21135621675840577	0.21099506903055684	0.1662212216036681	0.21036865326839416	0.2010588393389749
0.2113948997288218	0.21114166055659914	0.1657759113251327	0.21016746930154354	0.20152005908790263
0.21144654382018152	0.21107215855174338	0.16578339244997103	0.21035022625702013	0.2013476789210837
0.21094713431611561	0.2110888574428967	0.1665367843030543	0.2104720507428126	0.20095517319512055
0.21136396648454353	0.2109692087017791	0.16661200942791748	0.21004222916653534	0.2010125862192243
0.21110530205406638	0.21114423671049873	0.16598583664311206	0.21022924104843072	0.20153538354389192
0.21131108788816977	0.21096195923027053	0.16577552880661683	0.21034122017337242	0.20161020390157028
0.2109757072784432	0.21109593705300278	0.1657890563603714	0.21044514541734335	0.20169415389083903
0.21113063721613692	0.211101417458913	0.16584179364757443	0.21070110090733127	0.20122505077004416
0.21101526012419428	0.21112972579804365	0.16613178230881792	0.21079116062151937	0.20093207114742453
0.2111959939462066	0.21109117191133955	0.16574689422001365	0.21023732985142066	0.2017286100710193
0.21132161732104604	0.2111652394651948	0.16612846342953652	0.2103227887443262	0.20106189103989622
0.21127140651287202	0.2111794847744389	0.1657904546402677	0.21082989392992504	0.2009287601424961
0.21127580144013808	0.2111325413628094	0.1657186926708173	0.21040462161720522	0.2014683429090298
0.21108376818261473	0.21099213043572887	0.16644445466952706	0.21022515581419599	0.20125449089793312
0.2110307625984209	0.2111189434871349	0.16592771684767815	0.21056762912287377	0.20135494794389205
0.2113127006487639	0.21104939430654088	0.1658393158755683	0.21075909547069563	0.2010394936984311
0.21106401640286357	0.21106787766291893	0.1661527564564796	0.2100925198698143	0.20162282960792338
0.21099842026614066	0.21094341763741703	0.16622327786661492	0.21035103982501388	0.20148384440481326
0.21095182133733986	0.21108517382106462	0.1662293704617621	0.21007417555715502	0.20165945882267822
0.2112109595285857	0.21122204269792164	0.16590191279761213	0.21064858154239544	0.20101650343348487
0.21123326041596943	0.21117225000834	0.16605706702806142	0.21016407491274955	0.20137334763487938
0.21117344004177535	0.21119621341631176	0.16577175616757678	0.21048138370485142	0.20137720666948444
0.21102447832651225	0.21112125038727336	0.16574088261669323	0.21030409211253362	0.20180929655698732
0.21128935029497722	0.21094464780723865	0.16636506773597054	0.21020226707157047	0.20119866709024287
0.21098205846567808	0.21119761023168795	0.16638922922968258	0.2100977337994411	0.20133336827351006
0.21094286374341076	0.2111549054768382	0.16608607819662144	0.21050112311717178	0.20131502946595758
0.21137867873557703	0.21093494060796894	0.16618415519732568	0.21011420383464544	0.2013880216244827
0.2114209567678496	0.21103848589762295	0.16577069355508012	0.21064194056947372	0.2011279232099734
0.2112934397784711	0.21115763672531707	0.16645429825758185	0.2101326059852929	0.20096201925333687
0.21138305106306218	0.2109294071105534	0.16645135296728603	0.2101274109797877	0.20110877787931042
0.21102420009303993	0.21116617709790014	0.16578770929776965	0.2105116480864165	0.2015102654248735
0.21122409510560375	0.21099055061716673	0.16652832850173843	0.21008706085724857	0.2011699649182423
0.21115453757910385	0.21113547640670852	0.16605249714979178	0.21033848943227315	0.2013189994321225
0.2112001392119865	0.21108076953839006	0.16630683050067135	0.21006602427934307	0.2013462364696088
0.21099042641413096	0.21100420199231218	0.1662534302174934	0.21037884585891392	0.2013730955171493
0.21118931605038238	0.21110900988298203	0.16625639421248584	0.21015376310122708	0.20129151675292245
0.21136844996960505	0.21093765506933262	0.1660781714248662	0.2104643069005598	0.20115141663563607
0.21094359921796954	0.21096903675040196	0.16640784229570332	0.21029625801865506	0.20138326371726992
0.21143269964466263	0.21107497257924718	0.165838995645412	0.21072496782907751	0.2009283643016004
0.2112888137577289	0.21100314947707305	0.16593052604113617	0.21020715684726068	0.20157035387680095
0.21143020614711522	0.21118280606632522	0.1658457939612404	0.21028471877189978	0.20125647505341915
0.21123568745085478	0.21112695439541396	0.16572754095146358	0.21078814149793693	0.20112167570433054
0.21135327492689007	0.21109876585312856	0.16610282579576952	0.21012789726982123	0.2013172361543904
0.21095944313721127	0.21098302508405337	0.16604374433200794	0.21064307961655337	0.2013707078301738
0.2111437611233954	0.21106428870553468	0.16596254982141967	0.2102933542344992	0.20153604611515083
0.2111221662913091	0.211034759171858	0.16578876952839428	0.21068955151769983	0.2013647534907386
0.2109820341542615	0.2110771906909632	0.1657157840547744	0.2105047699128172	0.20172022118718347
0.21138776527538258	0.21106705300118658	0.16578416705342047	0.2103236223325684	0.2014373923374417
0.21104264542357837	0.21113352517658518	0.16608553593545905	0.21044113616323498	0.2012971573011422
0.2111418961793293	0.21093068248135088	0.166512386048356	0.21031754870161676	0.20109748658934684
0.2112801890263032	0.2109909570722901	0.16597177081465952	0.2106277992049717	0.20112928388177523
0.21105225774779632	0.21113895793413118	0.16585934184407142	0.21080306465732832	0.20114637781667258
0.2111485163791406	0.2110885030489011	0.16608117917976445	0.21033855588527484	0.2013432455069188
0.21104485870426398	0.21115376960817253	0.16595440795754668	0.210325425607852	0.2015215381221646
0.21143322568612466	0.21093700710562563	0.16647173248333993	0.2102269442640339	0.20093109046087565
0.21136327518376308	0.21112076037563737	0.16576835566713008	0.21014044956080957	0.20160715921265965
0.2111647451796958	0.21102681359216846	0.16575627340340965	0.21023094265395703	0.20182122517076884
0.21108317385829375	0.21099667414913006	0.1659915037357341	0.21044726249198845	0.20148138576485342
0.21103010068891417	0.2109797391558094	0.16597620130457047	0.21016874370934138	0.20184521514136433
0.21128755737111177	0.21097537385992776	0.1659783179650788	0.21013147792638892	0.20162727287749246
0.21104628623014285	0.21109475515037748	0.1663328155194554	0.2102995992915757	0.20122654380844834
0.2113207177012234	0.21101037851175622	0.16604851542517654	0.21016204994004525	0.20145833842179836
0.21112950808496778	0.21103568388448155	0.1659873165778564	0.21071914572244455	0.2011283457302495
0.2111557918519284	0.21111067861901306	0.16582440084068187	0.21033257231197972	0.2015765563763967
0.21119966289262446	0.21095100552094304	0.16603245186382656	0.21019596971113427	0.20162091001147145
0.21105855158687375	0.211191972072793	0.16644040014368708	0.21016898955094576	0.20114008664570018
0.2110571153952592	0.21117580252484586	0.1658198412953189	0.21041245774129375	0.20153478304328207
0.21137055511976588	0.21121598788719437	0.16573312657934836	0.21004669840974968	0.2016336320039415
0.21108781053329312	0.21098507652604673	0.16572129035603667	0.21018217864369243	0.20202364394093084
0.21143772378567952	0.2110619151919364	0.16574586491073173	0.210388364005595	0.20136613210605714
0.21093747152004289	0.21121732355575967	0.1660573144161743	0.2102819159451636	0.20150597456285932
0.21097234256443476	0.21095576453865172	0.16579603548125355	0.21053628399381785	0.2017395734218419
0.21126657365656076	0.2111135129489599	0.1657293640345864	0.2101385601310917	0.201751989228801
0.2110677384584704	0.21100268551240642	0.16572098929217652	0.21012979629511347	0.20207879044183297
0.21136029270483447	0.2111551110908217	0.16576469213831999	0.2106868828707802	0.2010330211952434
0.210992210970421	0.2109471002423261	0.16570340122240557	0.2105429272410674	0.20181436032377967
0.21137844584340812	0.21096477960927046	0.1660960390820983	0.2104973656399592	0.2010633698252637
0.21126903327574748	0.2111066839128613	0.16579567908314047	0.21007978578257516	0.20174881794567537
0.21142710541588	0.2110913276697034	0.16612237728910526	0.21031751526242204	0.20104167436288906
0.2109417261530497	0.21097054627600434	0.16586256085760226	0.21039296579671277	0.20183220091663068
0.21105866940659737	0.21104636201274238	0.1657682809845694	0.21010568565710322	0.2020210019389874
0.21125355275974797	0.21099466423762916	0.16578786566470077	0.2102121395678629	0.20175177777005895
0.21117185379081893	0.21115469043240653	0.1658806109016738	0.21060613669525008	0.2011867081798504
0.21108284702803118	0.21101584029672135	0.16660395690942134	0.21015751187688345	0.20113984388894243
0.2113060396691686	0.21117935789194472	0.16571916281366464	0.21070504181926053	0.20109039780596125
0.21122528169318716	0.2110406617860921	0.16584933630173374	0.21020434533279236	0.20168037488619445
0.21119453220972803	0.21108217367543106	0.1659484612914121	0.2101331631069966	0.201641669716432
0.21118994320709364	0.21096825297894284	0.16581454122515205	0.21063396678953986	0.20139329579927137
0.21146809271479297	0.2110775999460031	0.16622181208660194	0.2101243415809922	0.20110815367160956
0.21125314371606882	0.2111444902110359	0.16642777962688537	0.2101537537954576	0.20102083265055212
0.21100278879384182	0.2109787019467218	0.16593764103582306	0.21078078907743797	0.20130007914617512
0.21093964233423151	0.2109521357149779	0.1665917695301342	0.2101573517012134	0.20135910071944277
0.2111405054074883	0.21099308038464823	0.16588444607814276	0.2101107774970312	0.20187119063268927
0.21133706361980148	0.21112479702731082	0.16600556560005528	0.21060105991161496	0.20093151384121724
0.21099780865588147	0.21095739914331457	0.1663961390395711	0.21054049871713404	0.20110815444409857
0.21135149439630924	0.21096471823220148	0.16624220895352787	0.2100735138535357	0.20136806456442546
0.21110534880467008	0.21100729082168138	0.16627854290804778	0.21021408124914256	0.20139473621645798
0.21096074712908497	0.21096762162303334	0.16594650328819596	0.21078468613545798	0.20134044182422753
0.2110456918163955	0.21097809859773364	0.16623775581167943	0.21077357044062617	0.20096488333356505
0.2110763711797023	0.21106047469074848	0.16607874187283198	0.21044998677290672	0.20133442548381028
0.21136990317563029	0.21103991976804395	0.1659790426262348	0.2103984320187709	0.20121270241131983
0.2113705529010531	0.21109447154268166	0.16623024392964464	0.2103528240324023	0.20095190759421808
0.21138622150290903	0.211082642450969	0.16574009192918332	0.21018240743963407	0.20160863667730436
0.21133862152231236	0.21098157747010718	0.16570803762896738	0.2107996714204225	0.20117209195819039
0.21098283270189203	0.2110624741953469	0.1660881149044771	0.21012396659513577	0.20174261160314794
0.21103192049760788	0.21121027620242722	0.16596176570460303	0.21078360906317462	0.20101242853218704
0.2109641287373097	0.2112220708298557	0.166075218570362	0.21049649435077394	0.20124208751169848
0.2112333566582107	0.2109364190016199	0.16625520959570517	0.21046185488548466	0.20111315985897937
0.21116718528877515	0.21097370178407407	0.16597614074324138	0.21017050669801257	0.20171246548589664
0.21125776357409182	0.21107406198741216	0.1658903887290856	0.2107615487559036	0.2010162369535066
0.211000026484721	0.21104614171560002	0.16622885340597263	0.21024772144511	0.20147725694859614
0.21134511170948736	0.21094072808047398	0.1657694013876212	0.2101418614663008	0.20180289735611645
0.21131832085557725	0.2110807288111652	0.16601408259043623	0.21013001949250418	0.20145684825031687
0.2110506285302838	0.21116427139942226	0.166380789871515	0.2103764393579556	0.20102787084082313
0.2114400956900809	0.21107617445308427	0.16586064515597648	0.21021633260930017	0.20140675209155795
0.21138454023235245	0.21095356800827864	0.16602716775311568	0.2102698898449468	0.20136483416130618
0.2113142573672548	0.21102539368877216	0.1664103179080708	0.21010042680204227	0.2011496042338598
0.21144901293526713	0.21099401413468133	0.16575312716313392	0.21079546252691642	0.20100838324000095
0.21119559641475893	0.21099160278848844	0.16577759185412463	0.21064642530631736	0.2013887836363104
0.21111184767566882	0.2109440682794144	0.1661527986903586	0.21033786050422423	0.20145342485033374
0.21130086866038333	0.21103529792995862	0.16606573028291974	0.2101584599020269	0.20143964322471117
0.2110763953025524	0.21094774298410884	0.16622213508226408	0.2103070768718946	0.20144664975917986
0.21099112685379792	0.21117391927196477	0.16581114271762487	0.2105730668387865	0.2014507443178257
0.21108353453775144	0.2112132878459353	0.16579014132635098	0.21062002003981029	0.20129301625015175
0.2110432943659739	0.21111687444300073	0.1665188764667802	0.210394038733793	0.2009269159904519
0.2110699743618507	0.21101720988647935	0.1664777235622909	0.21034314500650586	0.20109194718287293
0.21115934796883873	0.21105301693515247	0.16585960380394096	0.21073686918673806	0.20119116210532956
0.2112673136250988	0.21100565779178942	0.16626370838384186	0.21008006371354396	0.20138325648572575
0.21144649548315347	0.2109355047894614	0.16583451284856127	0.21016594313409487	0.20161754374472876
0.21107567522486206	0.21103165132577237	0.16623248133562685	0.21004451989092257	0.20161567222281593
0.2114355739212909	0.21103595922740626	0.16574138625644402	0.21041132250153724	0.20137575809332137
0.21122703589720462	0.2109556520158236	0.16624939799532248	0.21045691296177482	0.20111100112987423
0.21113338461222766	0.21100818189719409	0.16642374785524114	0.21026396420841675	0.20117072142692013
0.21136559156908952	0.21110217993048483	0.16615887127437876	0.2104279907841243	0.20094536644192237
0.2111092115444759	0.21116338213974012	0.16588285610832953	0.21060157567273605	0.20124297453471815
0.21095255489412226	0.21120539993642098	0.16618462654513222	0.21032827474928442	0.2013291438750399
0.21109974309208962	0.21116140739233752	0.1664527101171162	0.2100584522496276	0.2012276871488288
0.21098523168098213	0.21118434383901802	0.16651606953345183	0.2101534735668975	0.20116088137965027
0.21133949402261806	0.21119926157708133	0.16573661489615202	0.2101434882252886	0.20158114127885976
0.210958990886645	0.21102523024360736	0.16590508499979437	0.21046579980111468	0.20164489406883834
0.21140454838849534	0.2110729665414457	0.16598075536300266	0.21016375566293263	0.2013779740441234
0.2110604675850691	0.21110128842433537	0.16663504464995527	0.21024577873176056	0.20095742060887947
0.21098633178112552	0.21120974934787018	0.16644632306313056	0.21007557619500117	0.20128201961287234
0.21095819890267895	0.21096506868382908	0.16611836223937496	0.21052760622450142	0.20143076394961537
0.21135416555322456	0.2111120564714607	0.16623449878551272	0.21013023094201091	0.20116904824779092
0.21104309852748887	0.2110832257772222	0.16594748247083319	0.21050834489085615	0.20141784833359935
0.21122420470547582	0.2111732355994642	0.1658017234362261	0.21012825463870524	0.20167258162012847
0.2113603425775014	0.21116761961899333	0.16603635461299274	0.2102514198562675	0.2011842633342448
0.21123102401217447	0.21094031722733705	0.16574338675245578	0.21015127443666146	0.20193399757137098
0.2113651451312009	0.21096191890971924	0.16590737404495326	0.2102795790395094	0.201485982874617
0.21120361809575	0.21105233552771505	0.16639412890917346	0.2102263956142674	0.20112352185309387
0.21136563576633843	0.2109660609437705	0.16588833959548097	0.2105501450972919	0.20122981859711797
0.21137125164945128	0.2111478299011632	0.16639883385992604	0.21014447378970585	0.2009376107997534
0.2109928407993572	0.21121080049215873	0.16603907580712052	0.21033576762417744	0.20142151527718588
0.2111577844811306	0.21110627098654	0.16659748742738717	0.21017269554935944	0.20096576155558254
0.21117427270516778	0.2110889852246519	0.16572879647655167	0.21022597494162298	0.20178197065200543
0.2110429683495254	0.21108514984317367	0.16594250402005215	0.2105548352658004	0.20137454252144815
0.21111072528795838	0.2111715984907453	0.16570134185450153	0.2104461826302919	0.20157015173650264
0.21116058272235552	0.2110839077915863	0.1662986648809754	0.21018532462372266	0.20127151998135986
0.2113018678418501	0.21110643972347334	0.16596048208119518	0.21053915592430147	0.20109205442917963
0.2113035984233185	0.21101327635593944	0.16572905595087156	0.21078450731498422	0.20116956195488603
0.2113574106671346	0.21108299857245053	0.16605062955697633	0.21027254502407475	0.2012364161793636
0.21139626078154122	0.21114825268870555	0.16620919567360495	0.21032662640332947	0.20091966445281859
0.21106071382375508	0.21115290427793815	0.16633447979660285	0.21020766309205474	0.20124423900964897
0.21129071846491454	0.211213037242333	0.16578993081916027	0.21053545933823387	0.20117085413535807
0.21140316305358497	0.21103211871641123	0.1657115782381982	0.21063296639965795	0.2012201735921474
0.21111963837982106	0.2109758144956775	0.16663095037394587	0.21031615784951072	0.2009574389010446
0.2109818307126647	0.21103417393020962	0.16602188462009582	0.2101521149897805	0.20180999574724912
0.21140271866486135	0.21093208153995355	0.16575494784472516	0.2107221249389617	0.20118812701149802
0.210961841772366	0.21097591906756769	0.16606573351322138	0.21041856435538928	0.20157794129145543
0.21106331868475323	0.21101704389220907	0.16644778885340558	0.21041877946908846	0.2010530691005434
0.21124484815422548	0.21114327775544342	0.16576572149601432	0.2103515885380012	0.20149456405631536
0.21145015232296843	0.2109330650143198	0.16581820312470436	0.21049250771712974	0.2013060718208774
0.21107837195364113	0.21116419074050302	0.16581640343838422	0.21010154725713942	0.20183948661033196
0.21094471441236465	0.21120509827698475	0.16642541259225102	0.21013803120668295	0.2012867435117164
0.21112184786617724	0.21116169167839458	0.1662200757932229	0.210528790961381	0.20096759370082404
0.21110846077921136	0.21099206328578393	0.16619614635669194	0.21040512851088355	0.201298201067429
0.21135376989205412	0.21118794882589817	0.16579700580307755	0.21073521031628173	0.20092606516268818
0.21103947802680142	0.21111850743101981	0.16621837025137218	0.2102842616606568	0.20133938263014955
0.2112044177645109	0.21094801219746018	0.1664672524036347	0.21018139683599113	0.20119892079840287
0.21122430634118675	0.21093774433973148	0.16570514527035551	0.21065295368017814	0.2014798503685479
0.21127534689968988	0.2110298468737135	0.16580024796553294	0.2104707267967969	0.20142383146426657
0.21122785114812825	0.21100622496520688	0.16610241107339865	0.21042788277424193	0.2012356300390241
0.21122393619773133	0.21104196679015363	0.1661558356637335	0.21028102633652496	0.20129723501185634
0.21120493062818713	0.2110452665192059	0.16644135796096338	0.21007529904449568	0.20123314584714766
0.21131573164390416	0.21114026719547055	0.16597804347308973	0.2105020808946136	0.20106387679292173
0.2113530150646627	0.2109644736127882	0.1658439178989301	0.21025293889810537	0.20158565452551339
0.21113590528094728	0.21120358368816267	0.16605941923651482	0.21064678447815327	0.20095430731622171
0.2113351455609952	0.21105151615910792	0.1662373631574914	0.21017343295803143	0.2012025421643738
0.21107407204648276	0.2109827005424141	0.16580636603731297	0.210338640267264	0.2017982211065259
0.21132516480001173	0.21113726239418204	0.1660392617350381	0.21019463375640968	0.20130367731435822
0.21098047724533286	0.21102008359180954	0.16577779831668732	0.21012234389038145	0.20209929695578857
0.21107851632257812	0.21104924835403643	0.1657323638708893	0.21012358644003387	0.20201628501246205
0.21113380492477204	0.21107959925037478	0.16614301237024648	0.21038512940331566	0.2012584540512908
0.211131950366379	0.21113165863678518	0.1661851046348986	0.21007686366092315	0.20147442270101384
0.21102397538451187	0.21103116662616841	0.16597468171551227	0.21063462581924827	0.20133555045455892
0.21117204931637817	0.21097613522331368	0.16630675833514447	0.21021882656865207	0.2013262305565114
0.21136819790676806	0.2110093394674884	0.1657218115309912	0.2104340180713	0.20146663302345214
0.2110671487545752	0.21097544343905392	0.1660330883273584	0.2106726380831509	0.20125168139586136
0.21140011491957525	0.21094671755067307	0.1657813789102329	0.2106234262037615	0.20124836241575703
0.2113155142401853	0.2109826548541206	0.1663226561867283	0.21029150119663215	0.20108767352233342
0.2110134877856804	0.21107070518916304	0.16611810389142384	0.2102845600928006	0.20151314304093185
0.21098869473011994	0.2109596899103808	0.16600713326808653	0.21018769800529954	0.201856784086113
0.2114298748665286	0.21101989084964892	0.1658070828953565	0.2105414627867744	0.20120168860169138
0.21139467509926693	0.21114170263413315	0.16597507128390573	0.21053355532358828	0.20095499565910568
0.211350394821187	0.21099053771006257	0.16621181582288524	0.2104172041708028	0.20103004747506215
0.21118623724296307	0.21114436612287565	0.16608750258992233	0.21043153611942367	0.20115035792481506
0.21139467756656158	0.21098173311050605	0.16601637399587937	0.21042550270281882	0.20118171262423395
0.2112412284614042	0.21097588191372083	0.1665866477715065	0.2101663111761632	0.20102993067720504
0.21094700317149817	0.21104501665614786	0.16626903949141225	0.21014908234531873	0.20158985833562276
0.2111557818707969	0.21093213277330383	0.16580167669861168	0.21033387729275005	0.20177653136453733
0.2112554659815733	0.21103721851677062	0.16579551145643165	0.21076003459778792	0.2011517694474363
0.21124428704558465	0.2109823833117468	0.16609962058596606	0.2102495508233633	0.201424158233339
0.21107786684807514	0.2109627308197398	0.16590713416623398	0.21063160320303345	0.2014206649629174
0.21127833195816495	0.21113524930956	0.16570551067662836	0.21054061357345333	0.20134029448219312
0.21123414001266205	0.21107787970329017	0.16594909551059894	0.2105245509168509	0.2012143338565977
0.21097905676536596	0.21095269338108122	0.1658666198913174	0.21079461688333012	0.20140701307890507
0.21142782048475497	0.21101873007235156	0.1659237267154602	0.2102512285598372	0.20137849416759587
0.21096772479357145	0.21110093522607926	0.1660428627522946	0.21074680018441913	0.2011416770436353
0.2111998440229487	0.21106611606697645	0.1657629254969018	0.21055901354034207	0.2014121008728308
0.21099041373658942	0.2109945456324324	0.16595996662409607	0.2102843641707181	0.20177070983616377
0.21095590907828185	0.21098237759764413	0.16576703558221687	0.21054225561977163	0.2017524221220853
0.21094229189282396	0.2109755056140569	0.1658149578951581	0.21037828949463525	0.20188895510332555
0.21131564762580432	0.21113780185582356	0.1661168081217483	0.21020151375752077	0.20122822863910278
0.21107936939835564	0.21098514025812104	0.16638733240023373	0.21007733924031796	0.20147081870297137
0.2110132411133636	0.21093000409625354	0.16634320135696473	0.2101066835580216	0.2016068698753963
0.21107243179607432	0.21101351049719008	0.16618511914473702	0.2104399294917292	0.20128900907026914
0.21126835644119554	0.2110043187172846	0.16596072192662828	0.2104769241861408	0.20128967872875053
0.21108917467411456	0.21106048225330457	0.16616621492804196	0.2104522750505549	0.2012318530939838
0.21128692555790016	0.21120751025557882	0.1659160409056188	0.21009753749257085	0.20149198578833116
0.2113820998209019	0.21098445307352762	0.16603389267011023	0.21066363623588125	0.2009359181995788
0.21145717629261992	0.21095461448151814	0.16574221660483435	0.2102300702699794	0.20161592235104794
0.21107810368891305	0.2109500989745886	0.1660642015423947	0.21044498679993903	0.20146260899416438
0.21104272170580032	0.21110981683294047	0.16598336496374266	0.21084354760628357	0.20102054889123275
0.21114081209959962	0.21095264871913288	0.16620539857912814	0.21006704067625068	0.20163409992588846
0.21141301878250765	0.2111137804058585	0.16595891633273938	0.21047923703500465	0.2010350474438896
0.21136888810053236	0.21116464224766393	0.1658647071205876	0.21034639847409176	0.2012553640571241
0.21109703056211634	0.2109530901922216	0.16587697924976658	0.21046324593881366	0.2016096540570816
0.21106074204483294	0.21096885236925927	0.16603776663654693	0.21040331938352735	0.20152931956583328
0.21100465629262732	0.21103165015625827	0.1662465674925524	0.21015758221362354	0.2015595438449382
0.21103953062130396	0.2112021524975459	0.16599892090447704	0.21021309133637914	0.20154630464029374
0.21146145036957226	0.21121269285042657	0.1662268884404257	0.21017282054171402	0.20092614779786122
0.21136935067572735	0.21104174474756307	0.16588589189563602	0.21045780124629512	0.20124521143477825
0.21142989987756672	0.21093137186059172	0.1661814595872484	0.21021839032966053	0.2012388783449324
0.21099702086925462	0.21104207501800182	0.16654884745107074	0.21046500272315094	0.20094705393852164
0.2111407555408029	0.21092827182905194	0.1665274186238861	0.21032354254905633	0.20108001145720253
0.21097548890138063	0.21106971949441122	0.1658445096545838	0.21041998258993705	0.20169029935968708
0.21117120978574772	0.21098755328653715	0.16630842280531205	0.2105931447595755	0.20093966936282737
0.21114823529525947	0.2110150959332664	0.16620725821683283	0.2102603945815492	0.20136901597309187
0.2110013167256215	0.21098467747669672	0.1658891553819475	0.2108283571219923	0.20129649329374175
0.21099373893643725	0.21102740379443716	0.166414083368195	0.21059332298632868	0.20097145091460167
0.21130815641921305	0.21114872302571688	0.16591556885361095	0.21041206265592047	0.2012154890455384
0.21123011409412112	0.210943808189052	0.1661360689492174	0.21028198950933877	0.20140801925827048
0.21124486437498338	0.21096411221003686	0.1658682578863207	0.21007089332358583	0.20185187220507297
0.21110710290399798	0.21093094847258653	0.16576512198153198	0.21063745421232075	0.20155937242956254
0.21102603593829283	0.21114660183963774	0.16610561609366487	0.2104534222132986	0.20126832391510574
0.2111642862842736	0.21111682844480756	0.16593501807966415	0.21069680736629065	0.2010870598249638
0.21120839345101514	0.21098027736127375	0.1660634153450042	0.210220704223917	0.20152720961878964
0.2111670622999307	0.2110936501442352	0.16609277109234394	0.21036188538474124	0.20128463107874867
0.21095103583150063	0.21099792731597541	0.1660666087087938	0.21045934677277506	0.20152508137095484
0.211027742588395	0.2111734990832263	0.16642825216043033	0.2104190966011105	0.2009514095668376
0.21113669016716272	0.2111209790636259	0.1657622499174572	0.21016273880909686	0.2018173420426571
0.2113015520474872	0.21106937460678865	0.16587109617541962	0.21049039929593316	0.2012675778743711
0.2111870113674276	0.21095837024452882	0.16598242276397854	0.2100754553624326	0.20179674026163222
0.2111473228227881	0.2111576562558338	0.1659833502266862	0.21006085488542325	0.2016508158092684
0.2110400323036587	0.21094164523451278	0.16644432592016087	0.21044604543499013	0.20112795110667728
0.2113003088982235	0.2109907444657328	0.16610499251214533	0.21050600683535664	0.20109794728854152
0.21117832741978582	0.21119268075239098	0.16601385111254482	0.2103068704166416	0.20130827029863657
0.21129591926632466	0.21114134309416221	0.16575329630697913	0.21071029819897608	0.2010991431335577
0.21144066886392612	0.21096397901425662	0.16572802781612772	0.2101651463490546	0.20170217795663473
0.2110772988425661	0.21120614951411207	0.16593110523028	0.2105368674306226	0.201248578982419
0.21095519213812497	0.21097845028887333	0.16628316747238864	0.2102557926298522	0.20152739747076062
0.21114766866553514	0.21105221255142356	0.16608979886451322	0.2104485544383529	0.20126176548017496
0.21096816867727233	0.2110563851960517	0.16603864255529216	0.2103200024895992	0.2016168010817844
0.2113502802546176	0.21118125981344202	0.1659489059057639	0.21020930093625073	0.20131025308992553
0.21118835859095647	0.21109786172146097	0.1661473177122345	0.21026941406513427	0.20129704791021355
0.21099010835193566	0.2110142056807815	0.16638822710043474	0.21067825021601483	0.20092920865083302
0.21099160631717198	0.21105501491960027	0.16616018538763783	0.21020653019183963	0.20158666318375007
0.21130713568201048	0.21118237783328173	0.16585915993339614	0.21017084405761358	0.20148048249369785
0.21134166085279535	0.21094121750679792	0.16590732398654146	0.21065282685917072	0.20115697079469433
0.21095808728296123	0.21118438124983752	0.166453813870693	0.21032450588766496	0.20107921170884308
0.21135076198910083	0.21093387278756284	0.16610339867193188	0.21023646198735466	0.20137550456404954
0.21108121468921745	0.2111786817853808	0.16597775460306224	0.2102528751610201	0.2015094737613192
0.21122477192568026	0.21094050560551136	0.16584297050261526	0.21010627978239224	0.20188547218380065
0.21135657523112011	0.211043792380882	0.16585437870303388	0.21039819487391015	0.2013470588110536
0.21120721105933427	0.21113636581257783	0.16660260737643096	0.21013061128567728	0.20092320446597942
0.21098139213443878	0.2110721782462013	0.16631765750866423	0.21052977432868525	0.20109899778201024
0.21102486867403208	0.21111571025850384	0.16571481254011544	0.2107378054998537	0.2014068030274947
0.21132309868173768	0.2111295315935266	0.16591615083611055	0.21060212878853998	0.20102909010008496
0.21126034943440783	0.21119536149305657	0.166172674741682	0.2100931818814554	0.20127843244939794
0.21117748466819702	0.2111311157353002	0.16581313046418836	0.21046979637620172	0.20140847275611248
0.21108474892185453	0.21121971929527403	0.16579499230559197	0.21074627458955963	0.2011542648877196
0.2113448153747499	0.21105388059228275	0.16632655883163328	0.2102882754494077	0.20098646975192616
0.2109724092733308	0.21119981874068816	0.16658331086602368	0.21028211643384503	0.20096234468611207
0.2110414656939631	0.21117693233945278	0.16572617885681687	0.21051605466445913	0.2015393684453079
0.21123489884214786	0.2109807630933788	0.16585997014797696	0.2108254398621584	0.20109892805433777
0.21112661110318415	0.21103541953770294	0.16619092129199187	0.21054151794748024	0.2011055301196406
0.21133616003502914	0.21101481321842686	0.16589180967591222	0.21040877499649951	0.20134844207413205
0.21106366461151366	0.21101712727243854	0.16602155286253034	0.21036913324028675	0.2015285220132305
0.21105254351337285	0.21095727636548148	0.1659333353792761	0.2104581640024769	0.20159868073939244
0.21136705116416543	0.21097868782565052	0.1664805568465194	0.21018681010033768	0.20098689406332673
0.2109923185840264	0.2109669138825591	0.16570240532962766	0.21059607555021698	0.20174228665356966
0.21121632812522612	0.21094271906155837	0.16583829871744235	0.21078514457179293	0.20121750952398004
0.21141113729445685	0.2109456840682518	0.1660116945370606	0.210516510221881	0.20111497387834953
0.21116267191584775	0.2111917168459	0.16597241702563137	0.21066461984121765	0.20100857437140301
0.21094026496997942	0.2110823027284739	0.16607297284202224	0.21020608049794592	0.2016983789615783
0.21142091482392567	0.21108674777522982	0.16613121142497178	0.21043782253160398	0.20092330344426854
0.21128091287307732	0.21120282429648835	0.16615324478200558	0.2100558699946534	0.20130714805377514
0.21131750576878866	0.21097500374092426	0.16598037425747114	0.21009100415108176	0.20163611208173396
0.21107259264813133	0.21108828349944048	0.1657549400804624	0.21059903731950785	0.20148514645245771
0.21102507682421512	0.2111552141747016	0.16659017959184552	0.21020855785107803	0.20102097155815948
0.21135100409239604	0.21110074982078686	0.1658739206135597	0.21019108970501016	0.201483235768247
0.21100429283466704	0.21095179632353894	0.16616874843936622	0.21071614565395458	0.201159016748473
0.21137689053301406	0.21094867443675777	0.16571873443383156	0.21012869743396737	0.20182700316242902
0.21119825482170537	0.210984171184852	0.16629351329547995	0.21048124649254055	0.2010428142054219
0.21096272015050774	0.2110855020629932	0.16575215629717746	0.21033831854031265	0.20186130294900873
0.21122758244222375	0.2110579342483074	0.16579594867777447	0.21051594650507405	0.2014025881266201
0.21119914989502692	0.2109916320280536	0.16608606683037966	0.21034213082016923	0.20138102042637038
0.21127068923316059	0.21110473855171258	0.16635599830824183	0.21013189955067957	0.2011366743562052
0.21120020835231226	0.2109360336701484	0.16598463073860206	0.21027283789467818	0.20160628934425884
0.2113998810210114	0.21101400206107324	0.16580286475227368	0.21064093950671453	0.2011423126589269
0.21099913135363674	0.2109466977365827	0.16592698548284168	0.21023763139467153	0.2018895540322671
0.2111333168888336	0.2111014876136356	0.16628208153505808	0.21006896222043803	0.20141415174203448
0.21110551385871623	0.21121990482057235	0.16627594449311675	0.21024415543706707	0.20115448139052738
0.21136304805135958	0.21093158545627524	0.16583417107545462	0.2106804156008155	0.20119077981609484
0.21096563984929587	0.21122240464195902	0.16628318533960293	0.2102905670240365	0.20123820314510543
0.2111591169285034	0.21107126371384582	0.16648556926516708	0.21023894533573811	0.20104510475674536
0.21110414145466305	0.2112069334482165	0.1658765475317637	0.21032618228924468	0.20148619527611183
0.21142788511010008	0.21096130896959545	0.1659920901805393	0.2103299135653507	0.20128880217441428
0.2111400686005366	0.210990534504108	0.16629796843663275	0.21052860774863424	0.20104282071008817
0.2110990620841142	0.2110626373089756	0.1662200205103191	0.21007037410020224	0.20154790599638864
0.21111283854072285	0.21111962290263334	0.16587832575119538	0.2102035891268871	0.2016856236785611
0.21141600081767825	0.2109460561902586	0.16582841996653158	0.21072270944029078	0.20108681358524053
0.2113815112527332	0.2109850884497035	0.16604830304962037	0.210142644616247	0.20144245263169572
0.2110312893683363	0.21095884420058478	0.1659802923787675	0.21004927741492074	0.20198029663739048
0.2110010810263151	0.2110234099530082	0.1660969376465578	0.21008739763005874	0.20179117374405992
0.21134818990071777	0.21106048052316828	0.16576136811201198	0.21004706358034386	0.20178289788375786
0.2111522900630621	0.21099798260160837	0.16602094785107618	0.21059613648985628	0.20123264299439683
0.2111454723489204	0.21100071228018696	0.16601280329368262	0.21027581850123955	0.20156519357597025
0.21144447605899602	0.21100484945921127	0.16596387982087912	0.21007313875446507	0.2015136559064483
0.2112318512470391	0.21095941720485414	0.16572173215529268	0.21018771115509224	0.2018992882377216
0.21137440791132558	0.21109946223386358	0.16578314902727728	0.21039509611689647	0.20134788471063686
0.21110066083776655	0.21109281887667214	0.16622697671535897	0.2104485426627936	0.20113100090740854
0.2111796123015973	0.21096384956418485	0.1658338042003563	0.21034434626507809	0.20167838766878324
0.21100360425272638	0.21106521803799835	0.16591598994235424	0.21035586028296566	0.20165932748395515
0.21129727489045888	0.210928550353415	0.16619704319179812	0.21018872344286416	0.2013884081214636
0.2110353957893021	0.2110776789821755	0.16588409644361052	0.21077414293175142	0.20122868585316023
0.21128701071874956	0.21094960687210976	0.1659378984825496	0.21083571256350098	0.20098977136308988
0.21108530475785026	0.2109720382170903	0.16593417714673792	0.21019688730745356	0.20181159257086775
0.21141235082527204	0.21094857470534728	0.16614140103596287	0.21055604863569016	0.20094162479772743
0.21106242413853377	0.2111849987969416	0.1665106271178043	0.21029402772038946	0.20094792222633065
0.21108863613783685	0.21114794039102733	0.16588403791984951	0.21013959156308654	0.20173979398819955
0.21102568249181328	0.21108742771470593	0.1659537636991613	0.21076694984840838	0.2011661762459109
0.21141793085869667	0.2111810576713775	0.1657634933666159	0.21023102415555875	0.20140649394775095
0.2111370811895476	0.21110458773499713	0.1657460832214102	0.21006088096648928	0.20195136688755555
0.21101413942291483	0.21104900360563283	0.16645203747375065	0.21014303444678728	0.20134178505091416
0.21133209377995685	0.21104009023352852	0.16629675623867843	0.21025307171367283	0.20107798803416316
0.21112477420367096	0.21115135459805362	0.1657675479954481	0.21066901124543919	0.2012873119573879
0.21130817564306514	0.2111708102041821	0.16576924965363826	0.21047281195910472	0.20127895254000952
0.21101241966970607	0.21117977456008366	0.1663741193398536	0.21035720655405352	0.20107647987630292
0.2112683838850602	0.21113983158903432	0.1661933820810247	0.21042613682803846	0.2009722656168421
0.21114896286377857	0.21113011104810195	0.16588231095135883	0.2104312922687544	0.201407322868006
0.21099515523646092	0.2110876509610634	0.16606117978517745	0.21020406617498316	0.20165194784231483
0.21110959606925164	0.2110997479135943	0.16600428557148317	0.21009886177581885	0.20168750866985183
0.2113088596437846	0.21095475456401339	0.16579842806848938	0.21017384588536245	0.20176411183834994
0.2113342318308372	0.21098058185348195	0.16615876202134228	0.2101799404434188	0.20134648385091958
0.2112892971304822	0.21107633153179928	0.1660685640873436	0.2101576318882427	0.20140817536213196
0.2109829323261182	0.21121561364156133	0.1661552596454269	0.21005335197142466	0.20159284241546865
0.2113233719561679	0.21116919146196694	0.16585581635511423	0.21060827898522594	0.20104334124152476
0.21111112594750445	0.21109801476741716	0.16570278193014043	0.2107861787289304	0.2013018986260073
0.2111163910750576	0.21120206867186098	0.16631428403902584	0.21028116345333148	0.20108609276072384
0.21121078617390135	0.21094586401118653	0.16579601039860714	0.21033692136350707	0.20171041805279769
0.21130212926441444	0.21117620763332504	0.1663522481392613	0.21005686501118712	0.20111254995181188
0.21098589619466457	0.2110673786334113	0.1659203828133166	0.21080033786553964	0.20122600449306768
0.21108484490167256	0.21099386077291127	0.16627477591088805	0.21018698941902192	0.20145952899550595
0.21134859014312368	0.21110453649228292	0.16576968240502193	0.21039478913958917	0.20138240181998204
0.21120115156725996	0.21101236367524162	0.16596302985533853	0.2101218299346161	0.20170162496754357
0.21120578965524686	0.21102608181509955	0.16635765934963304	0.21034713834294394	0.20106333083707636
0.21098159318500828	0.2111128688708091	0.16646931636486426	0.21031081731083864	0.20112540426847947
0.21105479038258504	0.21099627786361583	0.1661138954107605	0.2102163723081697	0.20161866403486872
0.21096023645717635	0.21110655524284172	0.1664789034724423	0.21051737340261323	0.2009369314249262
0.2110965529275066	0.21104565900884834	0.16602172761903372	0.21043130570813018	0.20140475473648092
0.21113115217523992	0.21108392944612533	0.16601256799740155	0.21060980823772926	0.20116254214350368
0.211396415778555	0.21120325364063827	0.16586317924657487	0.2101768516622292	0.20136029967200242
0.2114560138226145	0.21104090496950648	0.16615488762627495	0.21020687103164798	0.20114132254995584
0.21104991240043977	0.21099076680153822	0.16588352616075777	0.21042072468363102	0.201655069953633
0.21116200183130276	0.211014812751173	0.16609849238213978	0.21070130559716507	0.20102338743821918
0.2112263797788316	0.21097868050228527	0.16596699254567185	0.21030665146050367	0.20152129571270735
0.21107417284950458	0.2111700431175507	0.16607383187423486	0.2101592447054335	0.2015227074532761
0.21127669696065798	0.21093839205398204	0.16578577792183374	0.21035484706983834	0.20164428599368767
0.21117928187231483	0.21120079949379514	0.16598343497866364	0.21016326174638233	0.20147322190884384
0.21109991953621346	0.21113686594441966	0.16591449968592967	0.21037830528799623	0.20147040954544074
0.21111841303737253	0.21103541739908227	0.16654090447426062	0.2103533800693708	0.20095188501991354
0.21125836859469233	0.21103566205838503	0.16641509392121143	0.21007187436753777	0.2012190010581732
0.21115953383065034	0.2111156422724014	0.16585946545636265	0.21056055428222376	0.20130480415836163
0.21114459939594044	0.21114034293196812	0.16576271979671853	0.21065890818165187	0.20129342969372083
0.21101876599846323	0.2111038962847477	0.1663741552832616	0.21037468660888725	0.20112849582463996
0.21112724628096283	0.21105457006249032	0.1663075273487835	0.21037649619245524	0.20113416011530785
0.21127617725941295	0.21109868887739788	0.1661658578362889	0.2101566609637719	0.20130261506312816
0.21130304831563684	0.2111445886004213	0.16604138953193573	0.2100786357101257	0.20143233784188025
0.2110573350558026	0.21116261455498211	0.16586423159085806	0.21007222187977856	0.20184359691857845
0.21119383983046547	0.21099530703854405	0.1666147645047605	0.2102230104846669	0.20097307814156284
0.21111203124156205	0.21108309986069995	0.16594486779150705	0.2106434089658375	0.20121659214039322
0.21093861111941975	0.21117199536209208	0.16633204820634276	0.21048876138124673	0.20106858393089844
0.2112088541545859	0.21116160095590059	0.1659671994636125	0.21032084023763797	0.20134150518826283
0.21124226742851074	0.21102165236799253	0.16597132329456984	0.21042808540502736	0.2013366715038993
0.21101147678564913	0.21107420131550506	0.16607093638964643	0.2102709020844313	0.20157248342476786
0.21099452070424413	0.21094802963449824	0.1664300894842519	0.21067732558035038	0.2009500345966551
0.21139010007554906	0.21094521364795485	0.16629922271395953	0.2100599463078785	0.2013055172546578
0.21126141821801475	0.2109608086592043	0.1657385786455414	0.2106868136638804	0.20135238081335893
0.21099958385726017	0.211205494132591	0.16577487989235395	0.21004678891101927	0.2019732532067754
0.21126692025819802	0.21121420686508094	0.16572599494403012	0.21040600485558603	0.20138687307710468
0.21116443991939504	0.21105174812145328	0.16624514719695285	0.2105846711589851	0.2009539936032135
0.21099616169160504	0.21098808257931473	0.16633530758246934	0.21034195588645474	0.20133849226015593
0.21126320906972798	0.21110173629209533	0.16572003970293506	0.21033477562030595	0.2015802393149355
0.21105469044763508	0.21122222892076187	0.16603346973521707	0.2103713607416418	0.20131825015474394
0.21113561581928497	0.2110906436420365	0.16614571011471813	0.21054728199858422	0.20108074842537596
0.21099923253070665	0.21103334235273385	0.16573031800003726	0.21044764840192962	0.20178945871459236
0.21141846482455626	0.21106556993048725	0.16589871218318217	0.21012636886161531	0.2014908842001588
0.21095536257118244	0.21111310202426	0.16591409031001503	0.21050533749428377	0.20151210760025853
0.21127551066547207	0.21117411532068597	0.16581851627709313	0.21069379820852802	0.20103805952822057
0.21099954512689753	0.21112141049036545	0.1664721655209783	0.21024992090891192	0.20115695795284658
0.21101392570976862	0.2110249765539017	0.16591676414897444	0.21076920918348419	0.2012751244038708
0.21116431212425754	0.21096673022296522	0.16579037335990976	0.21049688217402598	0.20158170211884124
0.21129769696694564	0.21122128112520822	0.16615104233545228	0.2103611787460684	0.20096880082632523
0.21143546388398055	0.21116820685909332	0.16577950369080724	0.21016035246142845	0.2014564731046902
0.21112685897571482	0.21108940342000296	0.1662913877791832	0.21025455839766008	0.20123779142743872
0.21118034043259867	0.21118187495566784	0.16598662724248459	0.21004450352699972	0.20160665384224896
0.21134778054693956	0.2109565260883442	0.16593340174906424	0.21081091040565236	0.20095138120999942
0.211336757546215	0.21102833329929171	0.16636931897043666	0.21012243835539565	0.20114315182866074
0.21139936213408328	0.21114884730588418	0.16575890445811522	0.21014343029035154	0.20154945581156558
0.21100332211341716	0.21104271603866945	0.16622282612054332	0.21075790475068643	0.20097323097668343
0.21106334737992166	0.21103173629782596	0.16589581661761335	0.21048406382123858	0.20152503588340023
0.21101693894960846	0.21103881687132198	0.16595729305722248	0.21059460504324443	0.2013923460786024
0.2113498427422381	0.21110931181019418	0.16629945532538704	0.21028161248362112	0.20095977763855938
0.21096258929446418	0.21102812121908202	0.16618179943180167	0.21041210707206143	0.20141538298259049
0.21143172201644383	0.2109358631434325	0.16659150834799996	0.2101023561819607	0.20093855031016278
0.211074339129434	0.21109023971457597	0.16633186299361047	0.21028270679967756	0.20122085136270176
0.2109901848674624	0.21111290229100796	0.16606535115009122	0.21063236957544182	0.20119919211599638
0.21127976709472937	0.21098711164766987	0.16583895414032057	0.2104575052910853	0.20143666182619466
0.21100515199455647	0.21106739409134864	0.1666510172980955	0.21020544556333254	0.2010709910526666
0.21104383317776912	0.21116788941246112	0.16626445516060193	0.21015514134207158	0.201368680907096
0.21113529824469884	0.2109290901920417	0.16586883925284723	0.21041911460714757	0.20164765770326443
0.21094510814424056	0.21093055454800733	0.16607324355295777	0.21081283735017442	0.20123825640461968
0.21132599984789083	0.21096133219536148	0.1660874976705297	0.21018708212389414	0.20143808816232367
0.21116409327645916	0.21098501999172184	0.16613007355771542	0.21046478363790302	0.2012560295362003
0.21122982343427293	0.21113213946012532	0.16585008825545544	0.21034829361853855	0.2014396552316075
0.2113863887447923	0.21100170310565217	0.16598584734636962	0.2104190912702427	0.20120696953294298
0.2113510853834417	0.211169497472959	0.1658310638399625	0.2101210738812528	0.20152727942238374
0.2111791408277353	0.2109318081434458	0.1661155923449536	0.2104643563089954	0.20130910237486963
0.2109473987539701	0.2110059444268104	0.16584556745808393	0.21024328004824874	0.20195780931288662
0.21110271485232643	0.21099367333810004	0.16588656472577187	0.21034379678521284	0.2016732502985886
0.21104999452797976	0.21104693344152056	0.166173259875725	0.21043649074428533	0.20129332141048908
0.21099940429181308	0.21099902485399932	0.16580779050408656	0.21028193103907	0.20191184931103082
0.2110072552219168	0.21114442575865652	0.16659484313168538	0.21008336278162332	0.20117011310611776
0.21104089308307672	0.2111972335151056	0.16603982742272816	0.21058072952041693	0.20114131645867236
0.2112597463233835	0.21097105688323667	0.16572933997747635	0.21065951912715022	0.201380337688753
0.211079495345039	0.21102474338546542	0.16649865821412374	0.21016081794285718	0.20123628511251446
0.21137368677983395	0.21114638913405104	0.16581023742661716	0.2102159133717983	0.20145377328769934
0.21135709106509581	0.21097684672287417	0.1659227345987556	0.21076036552377145	0.20098296208950275
0.21116221147507513	0.21099166361620109	0.16580384627956152	0.21008818925899034	0.20195408937017167
0.21101866947647394	0.21108812871234442	0.16627025337936716	0.21008683515578308	0.2015361132760312
0.21097676908891755	0.21106757355907346	0.1661588786610062	0.21033557078681328	0.20146120790418925
0.2111215948939678	0.2111925249404173	0.16598181488853553	0.21061431010491302	0.20108975517216612
0.21096719770844963	0.21113165203626966	0.16651613571756094	0.21024774469097293	0.20113726984674662
0.21114898448639996	0.21120735113008007	0.16627380961006064	0.21020751360880074	0.20116234116465836
0.2110687049151303	0.21113005161768408	0.16599410268351855	0.21083581135560583	0.20097132942806098
0.21106617595857025	0.21107158960957664	0.1660780507949265	0.21053511275363193	0.2012490708832945
0.21105614126872613	0.21117010599328606	0.16604381846437555	0.21075004890514998	0.20097988536846206
0.21128468662645083	0.21099908718832916	0.16593710301465658	0.21045646926159015	0.20132265390897305
0.21110746470239847	0.21098307020869372	0.16581122397940384	0.21024890608586033	0.20184933502364338
0.21135417651293717	0.21099875853258207	0.16582559352305334	0.21014285555761877	0.2016786158738084
0.21103804693273737	0.21093927147104496	0.16641417468843037	0.21022324020370584	0.20138526670408124
0.21095987953447323	0.21104862790537657	0.16626364660334825	0.21057138330848157	0.20115646264832016
0.2111450721024981	0.21120106900052715	0.16649281622839146	0.21016075721295327	0.20100028545562978
0.2112501647682693	0.21100270682719427	0.16654333271984426	0.21016940977024492	0.20103438591444706
0.2111519055957311	0.21117781978832134	0.1664161995605249	0.2102017369777678	0.20105233807765466
0.21102235559386132	0.21116254832692244	0.16610774458091068	0.2107379898328249	0.20096936166548043
0.21101581462215194	0.21114777811227697	0.16603024837558278	0.21067693292638617	0.20112922596360192
0.21142020394714722	0.2109744422358172	0.16576423969769563	0.21084042842230222	0.20100068569703744
0.2112139910742898	0.21095327375817627	0.16606428748313634	0.21016116786616543	0.20160727981823195
0.21127451463586208	0.21104282363950966	0.16597066279158468	0.21037018350154923	0.2013418154314941
0.2110855130889108	0.21103739793357457	0.16579467623140007	0.21042025708098194	0.20166215566513238
0.21101821958820774	0.21098875682008256	0.16628322711298693	0.21064271721333752	0.20106707926538503
0.21127341054118798	0.2111086648966642	0.16626117415274788	0.2103008326380165	0.20105591777138324
0.21118536835283158	0.21110922065437618	0.16577213887132647	0.2107617368926578	0.20117153522880774
0.21109260362340587	0.2111888852930855	0.16590053073621994	0.21029007586293225	0.20152790448435623
0.21143660508363207	0.21106881859058332	0.16570252848106265	0.2106531562645598	0.2011388915801619
0.21125475434023752	0.21117768964562433	0.16616013278524905	0.21009034538375748	0.20131707784513136
0.21130267455671922	0.2109641711764755	0.16609171305435833	0.210524605075004	0.2011168361374427
0.21116453884749917	0.21094726787627185	0.1658307503034263	0.21022057956352633	0.20183686340927612
0.21127408490114824	0.2111164233457814	0.1659515319862476	0.2106889985040792	0.20096896126274333
0.21097954370572936	0.2110151771538403	0.1658349084113621	0.2102042899760326	0.20196608075303546
0.2110103721992859	0.21104291587631185	0.16604529775017102	0.21030090354692052	0.20160051062731046
0.21111794126942535	0.21093776728041574	0.1661385926410005	0.21029302899258925	0.20151266981656893
0.21093781909295697	0.21120673221628897	0.16623706412683967	0.21031114520596533	0.20130723935794884
0.21120296469391803	0.21104695535587778	0.16622351801432875	0.2103437289874798	0.20118283294839542
0.2113860710038123	0.21097831751555235	0.1659485776811995	0.21074660615520804	0.2009404276442276
0.21101066893665457	0.2109942551767918	0.16642478086148316	0.21024863626884593	0.20132165875622435
0.2112464369657556	0.21099350423871546	0.16626077469337078	0.21053014437719894	0.200969139724959
0.2113548173874913	0.2110554170939872	0.16627426134845208	0.21010265922511334	0.20121284494495584
0.21139069750805495	0.21094265719326022	0.16598079752748365	0.21069037001112284	0.20099547776007812
0.21127795354893592	0.21097529475044086	0.1659896827395445	0.21082006065363085	0.20093700830744762
0.21098910211968327	0.21102035050345164	0.16570250129386485	0.2102709426490248	0.2020171034339752
0.211292199593771	0.2109458977621426	0.16580684002364787	0.21056752314789454	0.2013875394725438
0.21103871331602625	0.21121122138784684	0.1658165285548461	0.21006065241843488	0.2018728843228457
0.21106972649678274	0.21108008710393192	0.16636859272508686	0.21023546753013006	0.2012461261440682
0.21105260321001196	0.21104978977591246	0.16604490056294152	0.21019017706471005	0.20166252938642376
0.21122296896091955	0.21114362563165698	0.1660812711230944	0.21037210673948842	0.2011800275448404
0.21135224102175343	0.21117956301871602	0.1662170327122566	0.21023413958377837	0.20101702366349536
0.2110678831049407	0.21111891961438384	0.16591273840467244	0.2108221846465386	0.2010782742294642
0.211015851787969	0.2110853824268059	0.16624964782228746	0.21004619664635912	0.20160292131657828
0.2111516864308479	0.21111869483250098	0.16572531499011173	0.21011951908709672	0.20188478465944246
0.21111578862333677	0.21118229568393004	0.1662601788486502	0.21050316876729339	0.2009385680767894
0.21109612535421396	0.2111318569059511	0.16600001484794777	0.21042968440920673	0.2013423184826802
0.2113914985278571	0.21097003491293428	0.1662261757421155	0.21009360627549037	0.2013186845416025
0.21128175021203224	0.21109245335231752	0.16620148380057623	0.21014840474038926	0.20127590789468455
0.2112157041865022	0.21094899454844962	0.16578051662686127	0.21061751974020898	0.2014372648979777
0.21110643716590022	0.21101618071451905	0.16621979588719066	0.21038675594115713	0.20127083029123272
0.21101032808314427	0.2109955871582702	0.1660908812957368	0.21006107593254947	0.2018421275302991
0.21113055707616565	0.21109396158846983	0.1657430542992735	0.21012304727351655	0.20190937976257425
0.21093808519587834	0.21113548731986342	0.16647600314140223	0.21016846710427758	0.20128195723857817
0.21111579680226292	0.2110463494489038	0.16640823977500047	0.2102357997164507	0.20119381425738186
0.21121852896372348	0.21121009051311784	0.16630725477859276	0.21024262761184923	0.20102149813271647
0.21108090283992254	0.21111578879081694	0.16598366623068517	0.2102662774513948	0.20155336468718035
0.211253910691724	0.21104967901850272	0.1660150131723636	0.21026226179396015	0.2014191353234493
