0.6849973229921258	0.31500267700787393
0.687261271043146	0.31273872895685356
0.6872397364363834	0.3127602635636163
0.6852958181215585	0.3147041818784411
0.6868034292122408	0.31319657078775887
0.685271091591653	0.31472890840834666
0.6861243403668764	0.31387565963312325
0.6866022884384722	0.3133977115615275
0.6870737958461905	0.3129262041538091
0.6869016480443312	0.3130983519556685
0.6866642868856243	0.31333571311437536
0.6871485778438274	0.31285142215617223
0.6847292387519419	0.31527076124805775
0.6861955372235161	0.31380446277648355
0.6846485887042942	0.31535141129570543
0.6867646715784335	0.3132353284215662
0.6850355572204312	0.31496444277956853
0.6850276686469636	0.31497233135303604
0.6872186880617599	0.31278131193823977
0.6870217663536603	0.31297823364633937
0.6858986729995543	0.31410132700044535
0.6862216119251446	0.31377838807485503
0.6858309104584842	0.31416908954151546
0.6844716626130497	0.31552833738694996
0.6864492995377347	0.3135507004622649
0.6864291624487728	0.31357083755122683
0.6872101510692727	0.3127898489307269
0.6876656720382316	0.3123343279617681
0.6867064384607998	0.31329356153919985
0.6868224927910416	0.31317750720895804
0.6866414405798605	0.3133585594201391
0.6874968608173813	0.3125031391826184
0.6845861932552993	0.3154138067447003
0.6873201412289596	0.3126798587710401
0.6861295527691433	0.3138704472308564
0.6876600529213783	0.3123399470786213
0.687080669022317	0.3129193309776827
0.6855082717882188	0.31449172821178084
0.6855994779225997	0.3144005220774
0.6855565840729412	0.31444341592705843
0.6875895926930253	0.3124104073069743
0.6864688883975963	0.3135311116024033
0.6863530076173998	0.31364699238259985
0.6852288129878752	0.31477118701212453
0.6853532344905224	0.31464676550947723
0.6876404625084792	0.31235953749152046
0.6859259940255755	0.3140740059744242
0.686096050850235	0.3139039491497647
0.6856376506659979	0.31436234933400176
0.6866187326173989	0.3133812673826008
0.6847910953170999	0.31520890468289975
0.6858579257239884	0.31414207427601126
0.6874685729517418	0.3125314270482579
0.6873864630143612	0.31261353698563843
0.6876488968395906	0.312351103160409
0.6856063509543947	0.31439364904560496
0.6861751885846818	0.31382481141531776
0.6849049280969869	0.3150950719030128
0.6853741377380955	0.31462586226190414
0.6848869921716962	0.3151130078283034
0.6865403392952714	0.3134596607047283
0.6871609759744433	0.3128390240255564
0.6869183752140122	0.3130816247859874
0.6846344098610466	0.31536559013895304
0.6845485052194226	0.3154514947805771
0.6846434486579956	0.315356551342004
0.6849307193657607	0.315069280634239
0.6867624464173907	0.31323755358260896
0.6845396749367973	0.31546032506320226
0.6862306452068063	0.3137693547931934
0.6864629770185039	0.31353702298149577
0.6848242666241533	0.31517573337584637
0.6852268226189691	0.31477317738103056
0.685654631321615	0.3143453686783847
0.6872604595691749	0.3127395404308248
0.6874290487941865	0.3125709512058131
0.6875486353205678	0.3124513646794319
0.6875344095333645	0.31246559046663513
0.6850819288081624	0.3149180711918372
0.6860224027053514	0.31397759729464825
0.6877041074802064	0.31229589251979334
0.6859162151089246	0.314083784891075
0.6863995167146247	0.31360048328537493
0.6846597713402703	0.3153402286597293
0.6875894925859949	0.3124105074140048
0.6861081783029988	0.31389182169700086
0.6856171492857652	0.3143828507142345
0.6874479740735007	0.312552025926499
0.6857637099833693	0.31423629001663034
0.6848112334656551	0.3151887665343445
0.6875971358445631	0.3124028641554366
0.6854797670028099	0.31452023299718973
0.6876460376627112	0.31235396233728857
0.6869143381287087	0.31308566187129094
0.685245854147022	0.3147541458529777
0.6875521583933653	0.3124478416066344
0.685367462502308	0.3146325374976917
0.6872157619000563	0.3127842380999433
0.686822028146135	0.31317797185386465
0.6870700239235752	0.3129299760764245
0.6867047294416844	0.3132952705583153
0.6863133036671176	0.3136866963328821
0.6865640923086287	0.3134359076913709
0.6861019227477629	0.31389807725223673
0.6859751328865281	0.31402486711347155
0.686337910628565	0.3136620893714347
0.6846744196567089	0.3153255803432907
0.6858707406776747	0.3141292593223249
0.686914623863887	0.3130853761361127
0.6851623845807071	0.3148376154192925
0.6869313584190166	0.3130686415809831
0.6877044330813729	0.3122955669186268
0.6852896590606335	0.3147103409393661
0.6868943620618635	0.31310563793813617
0.6865007350514505	0.3134992649485492
0.6873198256752395	0.31268017432476014
0.6859873717901832	0.31401262820981646
0.6861866144668436	0.313813385533156
0.6869436096885267	0.3130563903114729
0.6867761652320358	0.3132238347679639
0.6872955762809918	0.31270442371900786
0.6852206516268567	0.3147793483731429
0.6860781016041099	0.3139218983958898
0.6856867893933933	0.31431321060660633
0.6867247076321416	0.3132752923678581
0.6869393476590611	0.3130606523409386
0.6874365625139118	0.31256343748608784
0.6855895790307017	0.31441042096929794
0.6862069864427028	0.31379301355729683
0.6869359895541356	0.3130640104458641
0.6865811474815972	0.3134188525184025
0.6873803088721118	0.31261969112788796
0.6857311934525746	0.31426880654742506
0.6870218094224911	0.31297819057750853
0.6877360805812597	0.31226391941874
0.6865960080835893	0.3134039919164104
0.6845864026184865	0.31541359738151314
0.6871435371656315	0.3128564628343682
0.685654788278033	0.3143452117219667
0.6863857286361886	0.31361427136381104
0.6864617743219541	0.31353822567804557
0.6866370962770223	0.31336290372297737
0.6846631431642396	0.31533685683576
0.6846426061483434	0.3153573938516563
0.6870660437135715	0.31293395628642817
0.685044990902506	0.31495500909749363
0.6877166519938264	0.3122833480061733
0.6848350446357312	0.31516495536426853
0.6875798193243055	0.3124201806756942
0.6849939483091718	0.3150060516908279
0.6870912443876992	0.31290875561230047
0.6851490029935834	0.3148509970064163
0.6872856458614556	0.31271435413854404
0.6845866337550881	0.31541336624491156
0.6863520398504757	0.31364796014952406
0.686166386084037	0.31383361391596265
0.6857070078926041	0.3142929921073956
0.68611479229015	0.3138852077098496
0.684850714419778	0.31514928558022176
0.6873173720598762	0.3126826279401235
0.6845756708735057	0.315424329126494
0.6848484998009547	0.3151515001990449
0.6866426622717309	0.3133573377282688
0.685312960293365	0.3146870397066347
0.6869449853207634	0.31305501467923624
0.685216147806579	0.31478385219342064
0.6856651650161092	0.31433483498389053
0.6869880006244442	0.3130119993755555
0.6856478591426592	0.3143521408573404
0.687362784844674	0.3126372151553258
0.6847804730898066	0.31521952691019306
0.6846581471163169	0.3153418528836828
0.6869512112035554	0.31304878879644427
0.6848361520111366	0.31516384798886304
0.687173516995883	0.3128264830041166
0.6852117122800876	0.31478828771991213
0.6849025734806554	0.31509742651934425
0.6856429614636329	0.31435703853636676
0.6874633075941512	0.3125366924058485
0.6872477370457589	0.31275226295424075
0.6867038502557801	0.3132961497442196
0.6873864834552013	0.3126135165447984
0.6869565053858975	0.3130434946141022
0.6864713604292086	0.313528639570791
0.6862712200609016	0.31372877993909803
0.6869036542042051	0.3130963457957946
0.6849108177035637	0.315089182296436
0.685565093477193	0.3144349065228067
0.6876669156526255	0.31233308434737417
0.6845368474120004	0.31546315258799934
0.6872317019925258	0.3127682980074739
0.6862118442109636	0.31378815578903607
0.6851141354484744	0.31488586455152523
0.6854538325756818	0.3145461674243178
0.6851229199505136	0.31487708004948617
0.6855614468553524	0.3144385531446473
0.6845633949854487	0.31543660501455095
0.6858861691426422	0.31411383085735745
0.6860209305174615	0.3139790694825382
0.6871188708244208	0.31288112917557886
0.6871391258086527	0.312860874191347
0.6866173642170292	0.31338263578297043
0.6853441698314856	0.31465583016851406
0.6867500789956755	0.31324992100432414
0.6855027392044787	0.314497260795521
0.6875869111610171	0.3124130888389826
0.6862583241869328	0.3137416758130669
0.6850129672225734	0.31498703277742623
0.6875759282753766	0.3124240717246231
0.6869525731233843	0.31304742687661535
0.6862328040479125	0.31376719595208713
0.6845358664178208	0.31546413358217884
0.6854459282057674	0.3145540717942322
0.6848008058140795	0.31519919418592013
0.6847694571984686	0.31523054280153107
0.6875583830530644	0.3124416169469353
0.6859561740616188	0.31404382593838087
0.6861501118373685	0.3138498881626312
0.6863422302575897	0.31365776974241005
0.6846046877489946	0.31539531225100503
0.6855671575806825	0.3144328424193171
0.6858206188795142	0.31417938112048555
0.6876503458486238	0.3123496541513758
0.6872472158578853	0.3127527841421143
0.6860267411348184	0.31397325886518124
0.6871615874694459	0.3128384125305538
0.6854698460356397	0.31453015396436007
0.6857936495658682	0.3142063504341315
0.6867813491417581	0.3132186508582415
0.6863930732787565	0.31360692672124313
0.6848077206488528	0.31519227935114685
0.6862115266863426	0.3137884733136571
0.6863427534170214	0.3136572465829783
0.6851971594305197	0.31480284056947994
0.6872259785260515	0.3127740214739481
0.6858714314626939	0.3141285685373057
0.6850146193506771	0.3149853806493226
0.6847775533513113	0.31522244664868837
0.6865520138516528	0.31344798614834685
0.6859480868702318	0.3140519131297679
0.6874649752687262	0.3125350247312735
0.6860303959109593	0.3139696040890404
0.6851055400818119	0.31489445991818776
0.6873752395092089	0.3126247604907908
0.6846964688683562	0.31530353113164344
0.6873722459873541	0.31262775401264553
0.6867232888472997	0.31327671115269995
0.6848154406563564	0.3151845593436433
0.6863444392594484	0.31365556074055123
0.6870421190614143	0.31295788093858534
0.6869201521373699	0.31307984786262977
0.6872323098199931	0.31276769018000655
0.687713648670256	0.3122863513297437
0.6876888763954474	0.31231112360455227
0.6871625344611678	0.31283746553883185
0.6855989188539775	0.31440108114602217
0.6870240355195223	0.3129759644804774
0.6846247489645585	0.3153752510354412
0.6866121141304995	0.31338788586950017
0.6852292644558654	0.31477073554413426
0.6864298410116078	0.3135701589883919
0.684746120306483	0.3152538796935167
0.6877491241451824	0.31225087585481726
0.6852069492377113	0.31479305076228836
0.6864628702768274	0.3135371297231722
0.6866123306959289	0.31338766930407075
0.6868486696374391	0.3131513303625606
0.6847498331208725	0.3152501668791272
0.6869307338563149	0.31306926614368485
0.684966290274246	0.3150337097257536
0.6859003026899632	0.3140996973100365
0.6868419201400734	0.3131580798599263
0.6862057769486319	0.3137942230513677
0.6859216617591987	0.314078338240801
0.6866354291173831	0.31336457088261654
0.6861821316226195	0.3138178683773801
0.6876299106271547	0.31237008937284494
0.6853895726276579	0.3146104273723418
0.6870725687937078	0.31292743120629185
0.6866354225730185	0.31336457742698115
0.6873888848516022	0.31261111514839746
0.6854377312947559	0.31456226870524373
0.6849729062118226	0.31502709378817706
0.6863458061548735	0.31365419384512616
0.6861604293855229	0.31383957061447676
0.6875778828224717	0.312422117177528
0.6854094578145906	0.3145905421854091
0.6857176619179727	0.314282338082027
0.6858131268313263	0.3141868731686734
0.6864055362045745	0.3135944637954252
0.6866868476135792	0.3133131523864204
0.6850782089031634	0.31492179109683627
0.6872904733241472	0.3127095266758525
0.6862108271440212	0.3137891728559785
0.6874118647215994	0.3125881352784002
0.684686346268172	0.31531365373182757
0.6856085251424779	0.3143914748575217
0.6846239542542835	0.3153760457457162
0.6845059462734866	0.315494053726513
0.6856562356286363	0.31434376437136335
0.6872459261111747	0.3127540738888249
0.6859951670333568	0.31400483296664283
0.686827063026424	0.3131729369735756
0.6845073430117661	0.31549265698823353
0.6846609616348119	0.31533903836518773
0.6852795771678717	0.314720422832128
0.6866122803154839	0.3133877196845158
0.6851190143795288	0.31488098562047084
0.6875049560509927	0.312495043949007
0.6856054565424101	0.3143945434575896
0.6865678659599216	0.3134321340400781
0.685332228651185	0.31466777134881463
0.6846491350920237	0.3153508649079759
0.6869788584312488	0.3130211415687509
0.6847755950162273	0.31522440498377235
0.68514621693287	0.31485378306712963
0.6859761584479094	0.3140238415520903
0.6874696850592198	0.3125303149407799
0.6870813986848758	0.3129186013151239
0.6856719965013256	0.31432800349867407
0.6854189222146874	0.31458107778531225
0.6855936333662422	0.3144063666337574
0.6863390943341868	0.31366090566581284
0.685208947070229	0.31479105292977066
0.6875589414577247	0.312441058542275
0.6876831809015558	0.3123168190984439
0.6857233385727537	0.314276661427246
0.6847060478181107	0.31529395218188894
0.6855713885917462	0.3144286114082535
0.6844985729871718	0.31550142701282785
0.686071637855598	0.3139283621444017
0.6853884471938708	0.31461155280612885
0.6874934953876994	0.31250650461230023
0.6850459336007123	0.31495406639928736
0.6849864854048063	0.31501351459519333
0.6858378957435645	0.31416210425643515
0.6873173438037687	0.3126826561962309
0.6855380690952577	0.31446193090474195
0.6853984106618688	0.31460158933813087
0.684720118953158	0.31527988104684174
0.684817506401097	0.3151824935989027
0.686371724818146	0.31362827518185366
0.686087942726948	0.3139120572730517
0.6852855031900204	0.3147144968099793
0.6855190068395358	0.3144809931604638
0.6876926788144413	0.3123073211855583
0.6870980518888018	0.31290194811119787
0.6844697617766473	0.31553023822335236
0.6877658400712756	0.31223415992872405
0.6872941333583518	0.31270586664164784
0.6846323686886744	0.3153676313113253
0.6852944990588555	0.31470550094114413
0.6860922861244552	0.3139077138755445
0.6864397700747324	0.3135602299252672
0.686060142675292	0.31393985732470764
0.684595683664464	0.31540431633553573
0.686210387557784	0.3137896124422157
0.684974290722345	0.3150257092776547
0.6866262513132089	0.31337374868679085
0.6845977755748341	0.3154022244251655
0.6864040428454424	0.31359595715455724
0.686634218755567	0.31336578124443276
0.684580031001415	0.3154199689985847
0.6875100408887426	0.3124899591112571
0.6854455337323306	0.31455446626766903
0.6866464837327206	0.31335351626727903
0.6856121565355969	0.31438784346440274
0.684575660547746	0.3154243394522537
0.6852639091569525	0.3147360908430472
0.6850472467136588	0.3149527532863409
0.6856642805531687	0.3143357194468309
0.6862749892879159	0.31372501071208386
0.6872076129332602	0.3127923870667395
0.6863430206658884	0.3136569793341113
0.6845309215464136	0.31546907845358607
0.6863398192691369	0.31366018073086277
0.6870281858484412	0.3129718141515585
0.6853329447329959	0.3146670552670038
0.6852867639296081	0.3147132360703916
0.6850179292695613	0.31498207073043843
0.6845358215199953	0.3154641784800044
0.6874077111807989	0.31259228881920076
0.6873178514041294	0.31268214859587024
0.68687896396598	0.31312103603401964
0.6877349146888627	0.31226508531113695
0.6860878286713845	0.3139121713286151
0.6854797404154965	0.31452025958450314
0.6858227894505501	0.3141772105494496
0.6860235524976808	0.3139764475023189
0.6858438513987922	0.31415614860120744
0.6846134666624001	0.3153865333375996
0.6875341692376588	0.3124658307623409
0.687051446201058	0.31294855379894176
0.6862581958885929	0.31374180411140673
0.6857260431130305	0.3142739568869692
0.6857141701667988	0.3142858298332009
0.68482858759039	0.31517141240960966
0.6846985484539437	0.31530145154605593
0.68497161198895	0.3150283880110497
0.6861058028293453	0.31389419717065437
0.687011723242291	0.3129882767577087
0.685738425214365	0.3142615747856347
0.6875007761386815	0.31249922386131807
0.6875057629519934	0.31249423704800633
0.6855065468708634	0.3144934531291362
0.6846047851608795	0.31539521483912014
0.6845125560482487	0.315487443951751
0.6867836707092826	0.3132163292907171
0.6864134352879611	0.3135865647120386
0.6845967374781581	0.31540326252184153
0.6870638834624995	0.3129361165375002
0.6871322749518919	0.3128677250481078
0.6859781561439229	0.31402184385607684
0.6850953653235368	0.3149046346764629
0.686720388675444	0.3132796113245556
0.6858665584600909	0.3141334415399087
0.6850528621555015	0.3149471378444981
0.6855379547668797	0.31446204523311994
0.6867857372826702	0.3132142627173294
0.6872060999185529	0.3127939000814468
0.6850920394460482	0.3149079605539514
0.6859518717801216	0.314048128219878
0.6857884113388699	0.3142115886611298
0.6861651585254991	0.3138348414745006
0.6859809080920533	0.3140190919079464
0.6862641046781202	0.3137358953218795
0.6852265703313933	0.31477342966860633
0.6854116976713089	0.3145883023286907
0.6851224913915015	0.3148775086084982
0.6866443057355278	0.3133556942644719
0.6852317902632123	0.3147682097367873
0.6853466788529627	0.3146533211470369
0.6868525018766116	0.3131474981233881
0.6870582408091135	0.3129417591908862
0.6862479328415391	0.3137520671584606
0.6852573385993008	0.3147426614006989
0.6857163796808766	0.31428362031912305
0.6848055208983006	0.31519447910169907
0.6872815685954725	0.31271843140452715
0.6846118988014378	0.3153881011985619
0.6874759108793135	0.3125240891206862
0.685420376010782	0.31457962398921774
0.6861297431780633	0.31387025682193637
0.6876931915714024	0.31230680842859726
0.6877012884323312	0.3122987115676685
0.6858964220203109	0.3141035779796888
0.6862095258791884	0.3137904741208113
0.6850837688299038	0.3149162311700959
0.6856983062502722	0.3143016937497275
0.6873681501880016	0.31263184981199804
0.6863052674085838	0.3136947325914159
0.6873695948811753	0.31263040511882434
0.6848706763946122	0.3151293236053874
0.6852641478344033	0.31473585216559646
0.6849118463961087	0.315088153603891
0.6865989403140148	0.31340105968598486
0.687720063583039	0.3122799364169606
0.6851405634827356	0.3148594365172641
0.686551705711424	0.3134482942885757
0.6871228172641165	0.31287718273588316
0.6862916651998602	0.3137083348001395
0.6862362035668267	0.313763796433173
0.6859755651546151	0.3140244348453845
0.6860317635559672	0.3139682364440325
0.6861579590740278	0.3138420409259719
0.6849295321330221	0.31507046786697757
0.6855876872868956	0.3144123127131041
0.6858381402463039	0.3141618597536958
0.6847906579466438	0.3152093420533558
0.6877295262451446	0.31227047375485506
0.6847017892752585	0.31529821072474123
0.6845798904844353	0.31542010951556426
0.686987780910292	0.31301221908970767
0.6873403897058191	0.31265961029418055
0.684764971838982	0.31523502816101767
0.6851600305978235	0.3148399694021762
0.6872108259533374	0.3127891740466623
0.6865394120428614	0.31346058795713827
0.686815434594432	0.31318456540556766
0.6860354962639408	0.3139645037360589
0.6863438387764944	0.3136561612235052
0.6874245527389472	0.31257544726105246
0.6863572639644248	0.3136427360355749
0.6852107464884858	0.3147892535115139
0.6855345370116934	0.31446546298830624
0.6854084786077417	0.314591521392258
0.6862916059733356	0.31370839402666406
0.6851913457529336	0.31480865424706606
0.6856997354300158	0.3143002645699838
0.6877449335436537	0.31225506645634593
0.6865871752498816	0.31341282475011817
0.6868563578291738	0.3131436421708259
0.6875228598628889	0.31247714013711075
0.6861417966456372	0.31385820335436243
0.6854790112475952	0.3145209887524044
0.6872573420537108	0.31274265794628886
0.6864617307985027	0.31353826920149697
0.6864557512738463	0.31354424872615344
0.6853987803335492	0.3146012196664505
0.6864440667375848	0.3135559332624148
0.6855962534682304	0.3144037465317693
0.6872980844783063	0.3127019155216934
0.6868272008864924	0.31317279911350726
0.6875554820222447	0.31244451797775497
0.6874620121139083	0.3125379878860914
0.6860576451647509	0.31394235483524885
0.6847254206492899	0.3152745793507098
0.6852583708106225	0.3147416291893772
0.6847947198757106	0.31520528012428906
0.6863407577733315	0.3136592422266682
0.6854562465282825	0.31454375347171715
0.6856895640170457	0.3143104359829539
0.6861883328393341	0.31381166716066555
0.6863469732227261	0.3136530267772735
0.6868558273154208	0.31314417268457884
0.6866235762767818	0.31337642372321783
0.68775098611181	0.3122490138881897
0.6860745577713663	0.3139254422286334
0.6852805788040526	0.31471942119594715
0.6856707992159238	0.3143292007840759
0.6847253817841018	0.31527461821589786
0.6861558253591395	0.31384417464086006
0.6863484812198414	0.3136515187801583
0.6855480075134871	0.31445199248651257
0.6869478753612622	0.31305212463873744
0.6854499059150807	0.31455009408491896
0.6846910254239703	0.31530897457602935
0.6871283843879187	0.312871615612081
0.6873161377377506	0.3126838622622491
0.6853149454513745	0.3146850545486251
0.6846765436803091	0.31532345631969066
0.6853117525517611	0.3146882474482386
0.6862893278573733	0.3137106721426264
0.6849871910670363	0.31501280893296335
0.6863992060658239	0.3136007939341757
0.6849084505609305	0.31509154943906914
0.6876642804529339	0.31233571954706574
0.6851558223963874	0.3148441776036123
0.6850507947385936	0.314949205261406
0.6846782351675794	0.31532176483242025
0.6862683912228644	0.3137316087771353
0.6859423426878231	0.3140576573121766
0.6852453200091196	0.31475467999088
0.6875262368896826	0.31247376311031705
0.6860977852197815	0.3139022147802182
0.6874215765209626	0.312578423479037
0.6864033721406976	0.3135966278593021
0.685950998299771	0.31404900170022865
0.6850969142411641	0.3149030857588355
0.6851654938732248	0.3148345061267749
0.687225492769009	0.31277450723099065
0.6853183529023898	0.3146816470976098
0.6868951599790123	0.3131048400209874
0.6872319790381096	0.31276802096189005
0.6845299778519615	0.3154700221480382
0.6862825787342218	0.31371742126577784
0.6873318647612029	0.3126681352387968
0.6859671091960167	0.314032890803983
0.6845568860223368	0.31544311397766295
0.6873821799114856	0.31261782008851396
0.6856044128246552	0.31439558717534444
0.6860452417144816	0.3139547582855181
0.6845136213326038	0.3154863786673958
0.6863867965444858	0.3136132034555139
0.6852428154709423	0.3147571845290573
0.6847822709755043	0.31521772902449535
0.6847477787563749	0.31525222124362473
0.6874093666755812	0.3125906333244185
0.6874745706340937	0.31252542936590605
0.6875430409414628	0.3124569590585369
0.6860346918110961	0.31396530818890356
0.68560287278456	0.3143971272154397
0.6852667159432977	0.3147332840567019
0.6867597833247738	0.3132402166752258
0.6852129639797329	0.3147870360202668
0.6863734787805109	0.31362652121948875
0.6871376798387785	0.3128623201612212
0.6845012818034626	0.3154987181965371
0.6877356749482739	0.31226432505172574
0.6848082283346171	0.3151917716653826
0.6874460981871526	0.312553901812847
0.6869091374813221	0.3130908625186775
0.6864691970341054	0.3135308029658943
0.6851438546886355	0.3148561453113642
0.6845013030081948	0.3154986969918049
0.686703038658061	0.31329696134193863
0.6859048235414252	0.31409517645857443
0.6869180284987809	0.31308197150121875
0.6866005959200301	0.3133994040799696
0.6846745983294986	0.31532540167050105
0.6877025321533672	0.3122974678466324
0.6877112294623529	0.31228877053764675
0.6863875171949385	0.31361248280506115
0.6860437766000835	0.31395622339991613
0.6860726086187018	0.3139273913812979
0.6865550093666912	0.31344499063330844
0.6859251988667889	0.31407480113321073
0.6855671083157	0.3144328916842996
0.6852764030494026	0.31472359695059704
0.6863219292504863	0.31367807074951337
0.6846386815406611	0.3153613184593386
0.6850197201749907	0.314980279825009
0.6861050820481294	0.3138949179518703
0.6853507534566677	0.31464924654333193
0.6845379967021723	0.31546200329782736
0.686040100464928	0.31395989953507164
0.6851324436605102	0.3148675563394895
0.6861164413455005	0.31388355865449913
0.6853958382260927	0.31460416177390693
0.6865363260408248	0.3134636739591749
0.6856551952820618	0.3143448047179379
0.6863780269467631	0.3136219730532366
0.687003648464001	0.3129963515359987
0.6849521538230514	0.3150478461769482
0.6853740422606538	0.31462595773934593
0.6873649345632189	0.31263506543678077
0.6877630977471392	0.3122369022528605
0.6859123923521675	0.31408760764783217
0.6873592101850331	0.31264078981496657
0.6862789003780275	0.31372109962197214
0.6858158273362185	0.3141841726637812
0.684704807611193	0.3152951923888066
0.6849236241227797	0.3150763758772199
0.6870596880432314	0.3129403119567683
0.6873626061223097	0.31263739387768996
0.6849099655266389	0.3150900344733608
0.6854333757087558	0.3145666242912438
0.6865284954822278	0.31347150451777184
0.6862742058047118	0.3137257941952879
0.6871521365516	0.3128478634483997
0.6871469458302739	0.31285305416972575
0.6869002498629821	0.3130997501370175
0.6855672577176354	0.3144327422823643
0.6849959524013811	0.3150040475986185
0.6845514230677874	0.3154485769322123
0.685180934483943	0.3148190655160567
0.6875485124340811	0.31245148756591856
0.6852815178538774	0.3147184821461223
0.6862964526159404	0.31370354738405926
0.6851656176758509	0.31483438232414873
0.6866022318816694	0.31339776811833037
0.6850771909920681	0.3149228090079316
0.6870090617580625	0.31299093824193713
0.6860392216900421	0.3139607783099576
0.6861133550076364	0.3138866449923633
0.6865114109445788	0.3134885890554209
0.6871945914714901	0.3128054085285095
0.6853506211576066	0.314649378842393
0.6851543766170527	0.314845623382947
0.6853377847855803	0.3146622152144194
0.6870552395384875	0.31294476046151226
0.6867332759563411	0.3132667240436585
0.6863370143613092	0.31366298563869044
0.6856430976336488	0.31435690236635083
0.6855229108145229	0.3144770891854768
0.686323655159037	0.3136763448409626
0.6847422149061004	0.31525778509389923
0.6851033040952694	0.31489669590473024
0.6876915450448378	0.31230845495516196
0.6871646078949122	0.3128353921050875
0.6859951233474528	0.31400487665254684
0.6853943241277283	0.3146056758722714
0.6845354196885576	0.3154645803114421
0.6860854296897574	0.3139145703102423
0.6848591023477396	0.31514089765226005
0.6847601905260263	0.31523980947397334
0.6867069986355552	0.3132930013644445
0.6869627322462388	0.3130372677537608
0.6850271217758034	0.3149728782241963
0.6872502869329695	0.31274971306703014
0.6850690168675125	0.31493098313248713
0.6875576731904022	0.3124423268095975
0.686806845926756	0.3131931540732436
0.6866318118768574	0.31336818812314227
0.6867563420482495	0.31324365795175013
0.687406762060379	0.3125932379396207
0.6865873148454478	0.3134126851545519
0.6865647474960531	0.31343525250394655
0.6872099354113818	0.3127900645886179
0.6852260293409369	0.3147739706590628
0.6845296845949392	0.31547031540506043
0.6856083430194003	0.31439165698059934
0.685797148516875	0.3142028514831247
0.6874464894653864	0.31255351053461317
0.6872161141397566	0.312783885860243
0.6859348281317927	0.31406517186820687
0.6874634810886515	0.31253651891134815
0.6853743514475906	0.31462564855240904
0.6854518800916147	0.314548119908385
0.6864802953072666	0.313519704692733
0.6861694451689255	0.3138305548310742
0.6846036147217598	0.31539638527823993
0.6846146946404706	0.315385305359529
0.6862056955848987	0.3137943044151009
0.6859651782443513	0.31403482175564834
0.6860526174491954	0.31394738255080423
0.6863512955762563	0.3136487044237434
0.6857736716937567	0.314226328306243
0.6866179093192755	0.3133820906807242
0.6874971235917493	0.31250287640825036
0.6862269665892947	0.31377303341070495
0.685004451345244	0.3149955486547556
0.6845608015485465	0.3154391984514532
0.6860284662115194	0.3139715337884803
0.6877617671107048	0.31223823288929486
0.6874829418956634	0.3125170581043363
0.6846401810914889	0.3153598189085107
0.6875604538514805	0.3124395461485192
0.6867916961085203	0.31320830389147936
0.6869830356034233	0.31301696439657634
0.6869538332695355	0.3130461667304642
0.6845422276426743	0.31545777235732547
0.6858251549376494	0.31417484506235027
0.6852544269662617	0.31474557303373796
0.6863141197283922	0.3136858802716075
0.6857511339755245	0.31424886602447516
0.6877517490116303	0.31224825098836945
0.6861084856124994	0.3138915143875003
0.6866462713498956	0.313353728650104
0.6868953343456802	0.3131046656543195
0.6868169360987099	0.3131830639012898
0.686190272373065	0.3138097276269347
0.6869378409261608	0.31306215907383883
0.6870769317198961	0.3129230682801035
0.6850236334273551	0.3149763665726446
0.6847969906572892	0.3152030093427105
0.6855975620352007	0.31440243796479894
0.6863640932433	0.3136359067566996
0.6869556782598119	0.31304432174018787
0.6854769117935189	0.3145230882064807
0.6849298423863853	0.31507015761361434
0.6868239818230758	0.31317601817692386
0.6853076937946009	0.3146923062053988
0.687529736476736	0.3124702635232637
0.6850416460049334	0.3149583539950662
0.6857005772238891	0.31429942277611056
0.6872709851530688	0.31272901484693083
0.6848428240168316	0.31515717598316806
0.686241820731206	0.3137581792687936
0.6862894948377193	0.3137105051622804
0.6862084718628609	0.31379152813713873
0.6863763635889975	0.3136236364110022
0.6868580916091425	0.3131419083908572
0.6850160153719821	0.3149839846280176
0.6873283728733353	0.3126716271266644
0.6875706968658405	0.3124293031341592
0.6868155943292814	0.31318440567071826
0.684750171109845	0.3152498288901546
0.6861025154847948	0.31389748451520477
0.686685227897336	0.3133147721026637
0.6854848823685613	0.3145151176314384
0.6862829489336757	0.31371705106632397
0.687427699507398	0.31257230049260165
0.6851263376128175	0.3148736623871822
0.6855735603982809	0.3144264396017188
0.6854813368670873	0.3145186631329124
0.6851348818610693	0.31486511813893037
0.6864206715447667	0.31357932845523295
0.6850721659012857	0.3149278340987139
0.6868933165812572	0.3131066834187425
0.6857696410299223	0.3142303589700773
0.687726922006206	0.31227307799379367
0.6863787371161266	0.31362126288387304
0.6853965601091773	0.3146034398908224
0.6875560663436497	0.3124439336563499
0.6853986775945541	0.3146013224054456
0.6850701267131311	0.3149298732868686
0.6860034770580503	0.31399652294194935
0.6860912744043561	0.3139087255956436
0.6870304115734112	0.3129695884265885
0.6848992774385778	0.3151007225614218
0.6877440872454739	0.3122559127545258
0.6876356829160052	0.3123643170839945
0.6861152262960335	0.3138847737039662
0.6860794521189465	0.31392054788105317
0.6876444069128357	0.312355593087164
0.6859849156373714	0.3140150843626282
0.6872183327483793	0.3127816672516204
0.6870755439973599	0.31292445600263974
0.6867081560765558	0.31329184392344384
0.6863774324786018	0.3136225675213979
0.6867880797663786	0.3132119202336211
0.6866765071209868	0.31332349287901284
0.6872002717868244	0.31279972821317525
0.6859041499232311	0.31409585007676855
0.6864935440021402	0.31350645599785937
0.6873013779921746	0.3126986220078251
0.6870020362945645	0.3129979637054352
0.685028987413063	0.3149710125869367
0.6849484515149995	0.31505154848500017
0.687015855939287	0.3129841440607126
0.6862077546577151	0.31379224534228456
0.6865718822073316	0.3134281177926681
0.6846446295041466	0.31535537049585305
0.6858812945237074	0.3141187054762923
0.6872403456450321	0.31275965435496755
0.6844972895943673	0.3155027104056324
0.6845160244169787	0.315483975583021
0.68458287958592	0.31541712041407965
0.6869868074040917	0.31301319259590804
0.6855626033342236	0.3144373966657761
0.6855690055544701	0.31443099444552963
0.6845917076241014	0.3154082923758983
0.6851377730097252	0.3148622269902745
0.6864299633840453	0.3135700366159544
0.6873599117330548	0.3126400882669449
0.6877645722638928	0.3122354277361069
0.6850880128820589	0.3149119871179408
0.6868257225370206	0.3131742774629791
0.6877481750822351	0.3122518249177646
0.6857585556370268	0.31424144436297285
0.6857857464554639	0.3142142535445358
0.6855138907473102	0.31448610925268955
0.6850892218873357	0.31491077811266405
0.6851344607460998	0.3148655392538998
0.6876832515067257	0.312316748493274
0.6853941611235121	0.3146058388764875
0.6857999975066146	0.3142000024933851
0.6869809674483018	0.3130190325516978
0.685275896803243	0.3147241031967567
0.6868588440096355	0.3131411559903642
0.6872417962203012	0.31275820377969843
0.6857053461071488	0.31429465389285083
0.6876964298103423	0.3123035701896574
0.6852278196371682	0.3147721803628315
0.6877152231656298	0.3122847768343698
0.6846418097034948	0.3153581902965049
0.6855813662262212	0.31441863377377843
0.6850934336927557	0.31490656630724406
0.6863981451856817	0.313601854814318
0.6871675978141508	0.31283240218584885
0.6868528949784408	0.31314710502155885
0.6851104890034212	0.3148895109965785
0.6871128904379965	0.31288710956200316
0.6863154246743292	0.3136845753256705
0.6869156222373709	0.3130843777626288
0.687343481737439	0.3126565182625607
0.6856696189149606	0.3143303810850391
0.6875072168778535	0.31249278312214607
0.6858147736909778	0.3141852263090219
0.6873483965774134	0.31265160342258624
0.6852015467091706	0.31479845329082906
0.6864928209288769	0.3135071790711228
0.6854383899267958	0.3145616100732038
0.6874685407735776	0.3125314592264221
0.6851285032692119	0.31487149673078774
0.6877304418040089	0.3122695581959908
0.687597557122558	0.3124024428774417
0.6867289781790851	0.3132710218209146
0.6869854252830805	0.3130145747169192
0.6866931576691424	0.31330684233085726
0.6860002909618376	0.3139997090381621
0.6871526016817497	0.31284739831825
0.6874017654764137	0.312598234523586
0.6859774089036421	0.31402259109635755
0.6874985736174861	0.31250142638251355
0.6856134772117096	0.31438652278829005
0.686485445147224	0.3135145548527757
0.6857488041571709	0.3142511958428288
0.6868637650644418	0.31313623493555787
0.6861013611442488	0.31389863885575087
0.6865283812685878	0.3134716187314118
0.68772424347704	0.3122757565229597
0.6859730602473575	0.3140269397526422
0.6865907934197942	0.31340920658020543
0.6863302719673221	0.3136697280326776
0.686070705559471	0.31392929444052864
0.6847914263536019	0.3152085736463977
0.6870896762083393	0.3129103237916604
0.6865174554653983	0.31348254453460134
0.6876043001939114	0.3123956998060883
0.6845235935202483	0.3154764064797514
0.6877021407583583	0.31229785924164133
0.6845907049884721	0.31540929501152765
0.6872851982768735	0.3127148017231261
0.6848733343337676	0.31512666566623204
0.6864389260633011	0.3135610739366985
0.68491759415174	0.3150824058482597
0.6850105789159401	0.3149894210840596
0.6858329076655304	0.31416709233446927
0.6867469376688031	0.31325306233119654
0.686612351115701	0.31338764888429876
0.6869128052237421	0.31308719477625757
0.6861314239255064	0.31386857607449326
0.6864928123596068	0.31350718764039287
0.686111574246342	0.31388842575365766
0.6862377941892785	0.3137622058107211
0.6862601414390957	0.3137398585609039
0.6849494855894698	0.3150505144105299
0.6851479818198669	0.31485201818013275
0.6871313201597716	0.31286867984022804
0.6867311857555671	0.31326881424443254
0.6858074928787053	0.3141925071212943
0.6845787704362869	0.3154212295637127
0.6860565502029958	0.31394344979700384
0.6858104907392049	0.3141895092607948
0.6874702443328694	0.31252975566713026
0.6863233874550624	0.3136766125449373
0.6860816881665024	0.3139183118334972
0.6851964664103439	0.31480353358965574
0.6849129473632352	0.3150870526367645
0.6874239979946204	0.3125760020053792
0.685177720170578	0.3148222798294217
0.6871145627759981	0.31288543722400153
0.6866078172345673	0.3133921827654324
0.6866101207093368	0.31338987929066286
0.6876464592920714	0.3123535407079283
0.6861511662901361	0.3138488337098636
0.6857404616246147	0.314259538375385
0.6873912287601524	0.3126087712398473
0.6858173227086783	0.3141826772913214
0.686046655339952	0.3139533446600476
0.6858398410436995	0.3141601589563001
0.6854912655424603	0.3145087344575393
0.6875624148356871	0.3124375851643125
0.6871204553465095	0.3128795446534902
0.6849666899743672	0.3150333100256325
0.6864345371719021	0.31356546282809766
0.6869161048663571	0.31308389513364254
0.6853060163741506	0.3146939836258491
0.6864432168178132	0.3135567831821865
0.6874314313211962	0.3125685686788035
0.6867728914026263	0.31322710859737335
0.6874555434155389	0.31254445658446073
0.6871118916826524	0.31288810831734726
0.6864785634776133	0.3135214365223864
0.685663782591531	0.3143362174084686
0.6872262123687433	0.3127737876312564
0.6857889069077278	0.3142110930922719
0.6846708712849776	0.31532912871502206
0.685235948226881	0.31476405177311856
0.6845840787139171	0.31541592128608253
0.687742631892514	0.3122573681074857
0.6850967678647504	0.3149032321352493
0.6869339177497347	0.313066082250265
0.6874376062111387	0.3125623937888609
0.6867774196895223	0.31322258031047734
0.6852455196686471	0.31475448033135256
0.6862078359571782	0.3137921640428215
0.6860917355437317	0.31390826445626796
0.6866155265316619	0.31338447346833775
0.6862626123069216	0.313737387693078
0.6844746111873398	0.3155253888126599
0.6870552055483021	0.3129447944516976
0.685140361689332	0.31485963831066766
0.6857562321711058	0.31424376782889385
0.6855178889579285	0.3144821110420712
0.686602365036058	0.3133976349639417
0.6845293713415727	0.315470628658427
0.6872410375829754	0.3127589624170243
0.686463542955161	0.3135364570448387
0.6862970889409423	0.31370291105905734
0.6858635627469865	0.31413643725301316
0.6876513198181434	0.31234868018185624
0.6860404278306188	0.31395957216938086
0.685464637211379	0.3145353627886207
0.6866825123424423	0.31331748765755746
0.6864382525036943	0.31356174749630544
0.6854362422034466	0.31456375779655316
0.6870629816542209	0.3129370183457788
0.6871773307546537	0.31282266924534596
0.6866604029400349	0.31333959705996467
0.6876342732091372	0.31236572679086244
0.6845135374916296	0.31548646250837004
0.6846894238009807	0.3153105761990189
0.6867674346895636	0.3132325653104361
0.6870125807218099	0.3129874192781898
0.6846647238740228	0.3153352761259769
0.6871135229979924	0.3128864770020072
0.6867426870730703	0.3132573129269294
0.6865395899261699	0.31346041007382974
0.687381000051009	0.3126189999489906
0.6848809639685131	0.3151190360314866
0.6872027775722324	0.3127972224277673
0.686070934099358	0.3139290659006416
0.6865786744526577	0.3134213255473419
0.6847642604290698	0.31523573957092993
0.6863797321272834	0.31362026787271624
0.6866587138310779	0.31334128616892176
0.6854702572750236	0.314529742724976
0.6860764128914296	0.31392358710857005
0.6875534729154813	0.31244652708451837
0.6854938013779202	0.31450619862207957
0.6849163511778582	0.31508364882214146
0.6867073255758264	0.3132926744241733
0.6847721550540888	0.31522784494591083
0.6849931470811041	0.3150068529188955
0.686160488083368	0.3138395119166316
0.6845012489750302	0.31549875102496955
0.6845902079899404	0.31540979201005925
0.6867994986441437	0.313200501355856
0.6851373794615305	0.3148626205384691
0.6857779585306218	0.3142220414693778
0.6857824374862072	0.3142175625137925
0.6849992635261455	0.3150007364738542
0.6851356658000378	0.3148643341999619
0.6847908486307885	0.3152091513692112
0.6863701762167544	0.31362982378324517
0.684485594226771	0.31551440577322865
0.6862708856963489	0.3137291143036508
