0.19976742456218316	0.20110254382801207	0.19983382870296318	0.20051642640435988	0.19877977650248146
0.20075580411596003	0.20071212308563102	0.19971513160300364	0.20010002728787182	0.19871691390753327
0.19946488732616752	0.20096472974164586	0.19959551601040873	0.20054194998037903	0.19943291694139864
0.2035150670305981	0.19886486079669347	0.19930865574874962	0.19954155215174862	0.19876986427221
0.20033807709145504	0.2020154667352622	0.19925794166286437	0.19958816851221428	0.19880034599820387
0.20091848615133218	0.1997752482710548	0.20049878869966095	0.19941730932956775	0.1993901675483841
0.20252601634297174	0.19822217563178152	0.2005183675504176	0.199959168664559	0.1987742718102699
0.19982169500091027	0.20080952296731236	0.19936621097967014	0.20063042911260465	0.19937214193950234
0.2002303947079376	0.201019074354672	0.200178018592002	0.20023318561143488	0.1983393267339533
0.199370754487107	0.20091304024718548	0.20036761622947438	0.19980706235931392	0.199541526676919
0.19978503119506477	0.20086576061077174	0.20042135215003398	0.19957962436517074	0.1993482316789586
0.20165578687544788	0.19840395326220397	0.1996929147084871	0.2003217740438291	0.19992557111003173
0.2027728839031172	0.1981939633454044	0.19980183684447939	0.200296812161083	0.19893450374591579
0.2028727066381376	0.19858846271023103	0.20014937929749635	0.19973804469759612	0.1986514066565387
0.20147562578417244	0.19869915783869285	0.1994947379487861	0.20053763232103144	0.19979284610731693
0.19938567788705977	0.2006132002895688	0.19991496746089998	0.20080484209600694	0.19928131226646426
0.20236642044484696	0.19835956486464176	0.20004682689784434	0.19943528006816927	0.19979190772449745
0.2004730820931868	0.2009864748116348	0.19969807023528438	0.20014926578039297	0.19869310707950083
0.2003468647758419	0.1996415667417772	0.20032711290577138	0.20069564769188897	0.19898880788472037
0.2016217171289909	0.1995904687599268	0.19994761303831815	0.1996465610919359	0.199193639980828
0.20314138778023502	0.19889548032389687	0.19926837204606607	0.20025160733726088	0.1984431525125409
0.1999061662415226	0.20157726384455313	0.19953625270272923	0.19950962292188323	0.19947069428931158
0.2011686701341776	0.19840178526172225	0.20061109370970068	0.19962816839160405	0.20019028250279516
0.20043513290110668	0.19887311498526447	0.20030841449202963	0.20075144656887814	0.19963189105272086
0.20045419022939417	0.20040348563726082	0.199800965113543	0.1994257660458645	0.19991559297393724
0.20186649828938302	0.19825889729193408	0.20017499006508724	0.20027504188396594	0.19942457246962947
0.2014129235848341	0.19910696058943658	0.20024986559577138	0.2000095403374757	0.19922070989248203
0.20074130648829042	0.20005887928145616	0.19949562941550447	0.20053304029476676	0.19917114451998197
0.2028608699762358	0.1984493702197423	0.19984507912236082	0.20053282329593178	0.19831185738572904
0.20171856924383225	0.19956916048664156	0.20009175881628521	0.19952391068169054	0.1990966007715502
0.19957999225802026	0.20161023636159264	0.19960845271024596	0.19961210222959022	0.19958921644055067
0.20171859944118062	0.19834639575936827	0.20078828411149258	0.1994573987777149	0.1996893219102434
0.19966499554773612	0.20137106343705424	0.20036436582590794	0.20015479266884273	0.19844478252045875
0.20007072860211825	0.20031779045225112	0.20039765022042993	0.20037115943822162	0.19884267128697886
0.20159958692897298	0.19973814346830468	0.19983037470141382	0.20056695634398242	0.19826493855732588
0.20134535261835226	0.19983504754209686	0.2004066527847547	0.19991884646235483	0.1984941005924411
0.19995946121081332	0.1999627549307812	0.20063021291284383	0.20078574158648702	0.19866182935907442
0.20223248215809184	0.19888945093446883	0.19988875285987565	0.1999544816521523	0.19903483239541117
0.20111877615923077	0.19998539108435515	0.19979979077239182	0.1998330364622944	0.19926300552172763
0.19965158509103942	0.2015715821793462	0.19973747174262046	0.19954726034100576	0.19949210064598796
0.20173482541328822	0.19906405499174895	0.20058654427391587	0.200224521311726	0.19839005400932072
0.20001268596537833	0.20193012786804682	0.19989588623582943	0.19957275695804633	0.19858854297269884
0.19944921360922946	0.2011036096619629	0.20022939227804748	0.19966784988879194	0.199549934561968
0.19969327021638109	0.2005612774097934	0.1997375346785491	0.20088176117165327	0.1991261565236229
0.2015636528372069	0.19934542036653333	0.1998658720607358	0.1999356741643221	0.19928938057120169
0.2024875881885839	0.20004779968053882	0.19943099745007137	0.1995235408680423	0.1985100738127634
0.2004663925916476	0.2000088017517171	0.19992073641866923	0.20014845141988774	0.1994556178180781
0.2020268823562754	0.1989518673657328	0.19968712892921492	0.19942384107814937	0.1999102802706273
0.2005645426749539	0.19923997115125508	0.2001315404645124	0.2004349639205435	0.1996289817887349
0.19938492181262743	0.20177773747219296	0.19934135431400585	0.2008689028940661	0.19862708350710748
0.19932990416999738	0.2019796117896618	0.19969928456101094	0.19997926067366764	0.199011938805662
0.19968341680873242	0.20028731027516006	0.20009628970495777	0.2002100928034548	0.19972289040769475
0.2014763283635484	0.19986633362435768	0.20014247942328087	0.19977524920552997	0.1987396093832829
0.20022413878071227	0.19951465029071713	0.20050767579600914	0.20042796993806908	0.19932556519449215
0.19991629294303773	0.20081281396411405	0.1996098309465399	0.19957519908173074	0.20008586306457737
0.200905245836941	0.1984509939518702	0.19979984526823463	0.20085694656553488	0.19998696837741903
0.20131790129373078	0.20039017705347179	0.19931352103653674	0.19993717933671193	0.1990412212795485
0.1996931015567668	0.20003510491927753	0.20045904040886542	0.19968478118016675	0.20012797193492327
0.1994466592722459	0.20153942336315814	0.19953287648994525	0.20018092005032279	0.19930012082432771
0.19938206486126617	0.20215462166875872	0.1991965499308129	0.2000309697175631	0.1992357938215989
0.2018644489792048	0.19943138972812582	0.2006098468246906	0.19943453019397323	0.19865978427400532
0.20115682293551582	0.1993136882815828	0.19958940051455176	0.20020294188127197	0.19973714638707743
0.20075175160123768	0.19974637214674534	0.19931378418948895	0.20037705953764834	0.19981103252487944
0.20185175185797552	0.1990672216347042	0.19984426089235074	0.20076433179384315	0.19847243382112617
0.19960172772543874	0.2002114046229942	0.20013901456224162	0.19993529142859462	0.2001125616607306
0.20071306880073989	0.20095500545632528	0.19944234851873963	0.20062156520185928	0.19826801202233568
0.19950556919951984	0.2020009254622952	0.1994205147434367	0.19980303255805176	0.19926995803669628
0.20069438432675135	0.19965264654872775	0.2003533514479972	0.20004673184232755	0.19925288583419593
0.2012222749415282	0.199559872767761	0.19960072027704492	0.19987739397274987	0.19973973804091583
0.20146027532339794	0.19873180798122211	0.19950171923165883	0.20064428203161147	0.19966191543210943
0.20080338050861357	0.19958075259463245	0.20006578780374704	0.20053448647787797	0.19901559261512872
0.20068137844375347	0.2003237219382482	0.20020880612248354	0.2000109425796006	0.19877515091591397
0.20214004553926557	0.198464485713934	0.19994814123766794	0.2007217675867013	0.198725559922431
0.20072081114976453	0.2005632102541933	0.20063795334844528	0.19977324208000585	0.19830478316759084
0.19971055373293875	0.2003846514645094	0.19926091395783263	0.20077619580941045	0.19986768503530855
0.2031278402928518	0.19857188002462217	0.19971257787381871	0.2002767581975878	0.19831094361111923
0.2008234508210447	0.20048509863822794	0.19974321149292523	0.20025869109798658	0.1986895479498153
0.19989891369959759	0.20197678251875395	0.19915056729699107	0.19981977392957545	0.19915396255508172
0.20043061459512487	0.19952032461902805	0.1995613795902974	0.20035360519223336	0.20013407600331606
0.19985739988269938	0.2015541493393544	0.19928095971795443	0.1997204092029029	0.19958708185708868
0.20071032539431446	0.19941307446898796	0.20040624019079975	0.20011154818054724	0.1993588117653504
0.2024777443671756	0.19859395486107992	0.19974267976281837	0.2004434805714646	0.19874214043746127
0.20102846620346163	0.1994690598501089	0.19989390695738551	0.1999259062123986	0.19968266077664515
0.19989891719440997	0.20050042533323822	0.19928270602485657	0.20014300598991072	0.2001749454575843
0.1997978042044443	0.19982717138976494	0.20083683347427006	0.20016078119204755	0.19937740973947293
0.19933057936833057	0.20206750595418324	0.2000556976927891	0.20023692837084203	0.1983092886138548
0.2020946164202013	0.19961176071651665	0.19989715531855337	0.19990957406932996	0.1984868934753985
0.2008909461745973	0.20023310190252835	0.19930127000008635	0.19989395867260684	0.19968072325018094
0.20208754099224707	0.19855663091444078	0.20028471663307532	0.2004844442734913	0.19858666718674528
0.20067095642703825	0.19985485463525074	0.19964593255192442	0.2003302622707856	0.1994979941150008
0.19945452025141266	0.20145526136681483	0.2002456195179824	0.19987406898900287	0.19897052987478706
0.20055196098208758	0.19985369953686316	0.2000190947870558	0.1995731552167148	0.20000208947727846
0.20158570142193133	0.1987186514024065	0.1994602558161085	0.2006833577905245	0.19955203356902895
0.20134053554389808	0.20067604783657148	0.1992367660101483	0.19974133510461992	0.199005315504762
0.19992591106882676	0.20214230401336317	0.1992288887169326	0.19975361110347417	0.19894928509740306
0.20046703738892954	0.1988917237669222	0.19987049891048947	0.20075623456741382	0.20001450536624477
0.20228912532662563	0.19819800182602268	0.1995672751243794	0.1999452271869774	0.20000037053599465
0.19955224890719586	0.20008386689028132	0.1993447578381132	0.2007953873380502	0.20022373902635923
0.20121432729442376	0.19959854033177332	0.19954904780547547	0.19989338292662392	0.19974470164170333
0.20136823928126438	0.19949275891772472	0.1994306912886029	0.19964290660668135	0.20006540390572639
0.19987904602548673	0.20013220888910807	0.20009807868994173	0.1998402016730856	0.20005046472237764
0.2001587530009219	0.20077349990028653	0.19929211585207318	0.20066789212077418	0.19910773912594396
0.20013928256279453	0.19991422947318702	0.20064750802552098	0.199504938449631	0.19979404148886623
0.2024088779452092	0.19821172913414734	0.20058117798755495	0.19980120985596436	0.19899700507712392
0.20077285901095804	0.19957853242731774	0.20047625582350398	0.19975586410041382	0.19941648863780617
0.20128715880497627	0.1984759300126933	0.20014659467745133	0.200314272753561	0.19977604375131783
0.20295562150931093	0.1984651501403079	0.19966281687263535	0.19953570256638312	0.19938070891136245
0.2017730927821386	0.19924994009375593	0.19990859245134487	0.19955294276873262	0.19951543190402776
0.20163064364209587	0.19872778397784868	0.20026911063883943	0.2000988745705903	0.1992735871706255
0.2015041212462531	0.19946294861777836	0.19914579267945876	0.1997629469335271	0.20012419052298244
0.20149557365298087	0.1995430949682835	0.19925221861072573	0.20029412071919778	0.19941499204881188
0.20064209826097393	0.20113178518633415	0.19930692771907882	0.20002096724749946	0.19889822158611342
0.20093366961490589	0.1986227231745101	0.20046251669701454	0.2004549458401501	0.19952614467341911
0.201864485006858	0.199515689419583	0.19920040167071415	0.20046832754582425	0.1989510963570204
0.20158413131443004	0.19860380781878023	0.19982908300135183	0.2008213449437129	0.19916163292172478
0.20250558765328258	0.198985967031558	0.20023738484839557	0.19942143990357408	0.19884962056318956
0.20282301191007815	0.19878646052350676	0.1996802167170765	0.2001298163384097	0.19858049451092866
0.20068278049776472	0.20078773623036172	0.19914673831702268	0.19940489575018466	0.199977849204666
0.20007046939326284	0.20010590870247139	0.19980998101675596	0.2007903866446279	0.1992232542428817
0.19938058463077557	0.20107958851588598	0.20012625437122633	0.20053803392200015	0.19887553856011173
0.20033142480292743	0.20139860211510502	0.199434566616588	0.20002229652097678	0.19881310994440254
0.2002182020943414	0.20115577607162322	0.200212548166711	0.20013170707810868	0.19828176658921548
0.1996997342809594	0.20059112011842134	0.19959176941680973	0.20073166054211977	0.19938571564168953
0.20073595747199252	0.20066951544251582	0.20080310222530812	0.19957618455381565	0.1982152403063677
0.20042517468876597	0.19967535937716255	0.20056310514031722	0.19941480939806597	0.19992155139568807
0.20022487514627066	0.20140600828962202	0.2000274488888563	0.19964783429049707	0.19869383338475374
0.20094348505946227	0.1991114456868346	0.19995533000992619	0.1998132674061335	0.20017647183764323
0.2001404501097644	0.19932890666198103	0.20003868110628722	0.20077050566538465	0.19972145645658249
0.20139006426739722	0.20041145938992413	0.20023617376526373	0.19954461686534758	0.19841768571206714
0.19992819493603295	0.2009703089949046	0.20041796529731534	0.1994365173457695	0.1992470134259774
0.20189428808373203	0.19911887043913024	0.20027080700980526	0.20044119465981441	0.1982748398075178
0.20128225497853738	0.1982133077399255	0.2007921428705355	0.20006114397663147	0.19965115043436993
0.201097041232575	0.19918597682688235	0.20062469883520612	0.19980923912319118	0.19928304398214514
0.2018742540543302	0.20074816235642653	0.19968323784890213	0.19940641058043915	0.19828793515990176
0.2009406858109624	0.19900691923692776	0.2005920316911738	0.1996298842053193	0.19983047905561654
0.1998239388549309	0.20010791995144434	0.20081028846455357	0.20039260864674752	0.19886524408232345
0.201208979683524	0.1997793883127549	0.1998518360498188	0.20034543831108378	0.1988143576428183
0.20266144283130544	0.19818203551697838	0.19931923817735023	0.20068983787289338	0.19914744560147235
0.2024520540234003	0.19850811039791708	0.19983076148244305	0.20070013733542014	0.19850893676081924
0.20011449861790004	0.20124155609996444	0.19965538892049606	0.20027021445086543	0.1987183419107738
0.20128291487060013	0.20031619416918664	0.19994424174113096	0.19942087936454306	0.19903576985453897
0.20262095092290855	0.19839504180051212	0.2002098774400958	0.20020117287014752	0.1985729569663358
0.19930861671357353	0.2016671622225846	0.20031028374411072	0.19945889166637307	0.1992550456533579
0.2019029536417234	0.19971287987680883	0.19963723819429705	0.1996536399287026	0.1990932883584679
0.20203951582122825	0.19844545330718436	0.1999699569050037	0.19948326025166227	0.2000618137149212
0.20124421442751705	0.19905167080599098	0.20014325004585065	0.20024630338253852	0.19931456133810255
0.20179494765759026	0.20043966862247495	0.1991660692580829	0.200314336343502	0.19828497811834966
0.2015968664827653	0.19946954931141456	0.20065518412391528	0.19954974535962122	0.19872865472228338
0.20083900408312572	0.20057238820556708	0.19934151021880855	0.2003759590837181	0.1988711384087803
0.20134877484732738	0.19887062231101243	0.2003587183652834	0.19948580614266184	0.1999360783337147
0.20297594900937646	0.19821772651816633	0.2008212680450927	0.19973015574035125	0.19825490068701307
0.20274223029532826	0.1998450404024899	0.19939880018230838	0.1997097425976264	0.19830418652224682
0.20113053019450022	0.19992225393869917	0.20049866238204248	0.20025055762661148	0.19819799585814643
0.201327971631077	0.19974805248260263	0.19993964466039385	0.20051244009516125	0.19847189113076505
0.20255650340730047	0.19853606428507095	0.19950536441545388	0.20029435851879585	0.19910770937337863
0.1995476561759601	0.2010235838055727	0.20047517102852547	0.19996715578882074	0.1989864332011208
0.20012630966202286	0.2011978272716816	0.2004795536206405	0.199532057257894	0.19866425218776085
0.20008056782454675	0.1989739459129641	0.20005722585425242	0.20082507417559556	0.20006318623264094
0.2013090998751802	0.1999795982208838	0.20037721344689666	0.1995730865156994	0.1987610019413397
0.19970686319808292	0.20053675115015007	0.19970582173626933	0.19987091810100602	0.2001796458144914
0.20020144147057328	0.20094856560171412	0.1995294123341194	0.2004168243445048	0.19890375624908818
0.20043272690319963	0.20009704105231288	0.19964697645512677	0.20074103448077427	0.19908222110858623
0.19958038648334767	0.2001881956568065	0.20073576185685607	0.19977944377192722	0.19971621223106228
0.20269796928152523	0.198398406610182	0.19962430033938786	0.20077912384513896	0.19850019992376575
0.20132752341568938	0.2002977298277809	0.19949115222804728	0.19946849585638488	0.19941509867209734
0.19952783769295165	0.20168781923399937	0.19986933924575126	0.20027832739921228	0.19863667642808525
0.2001253108439322	0.200744684258675	0.19933858352135983	0.20083721187100376	0.198954209505029
0.2002658964037447	0.20106805429690505	0.1997439042140683	0.20001286623551642	0.19890927884976534
0.20252332801680054	0.19865916702187378	0.19994158924412372	0.20044774913198615	0.19842816658521562
0.20315141806702497	0.19866401392730063	0.19987260835705134	0.19983661602866953	0.19847534361995328
0.20243654139530662	0.19915040320094488	0.19922730184445944	0.20059885838025085	0.198586895179038
0.20101202909679633	0.2009709244695971	0.19974104050445096	0.199434818495737	0.19884118743341836
0.19986552120320356	0.19980819923061016	0.20064102388105384	0.19982221531521074	0.19986304036992147
0.2016688193094463	0.20044907372602977	0.19930331344633495	0.20003427809431976	0.198544515423869
0.20078263176485137	0.19979898030657892	0.200079567602799	0.20050686908057544	0.19883195124519507
0.20137797424649712	0.20064498902353506	0.19939776355154532	0.19961552594230442	0.19896374723611787
0.1994284274901194	0.19990791003214395	0.20036380933757808	0.2008295134122905	0.19947033972786787
0.2013611679461724	0.20031308881535778	0.1993062709470031	0.2000329105086013	0.1989865617828652
0.1996308632918395	0.20027516632667225	0.19924722790116356	0.20073465643558586	0.20011208604473865
0.20113387192464738	0.19861316830767237	0.20069255856202253	0.20050006690454344	0.19906033430111403
0.1997970541390794	0.20057581080015174	0.20018387826574338	0.20030186737216668	0.1991413894228586
0.1994126253477829	0.20107420956182967	0.20064542200021157	0.19942667249664936	0.19944107059352628
0.20172130040338704	0.19962827501792269	0.19945968422999677	0.20014051457458856	0.19905022577410472
0.2020626777179302	0.198812012249016	0.20031202211624316	0.20046422782399145	0.19834906009281894
0.20046767814396188	0.2006343292127899	0.19930334014526174	0.19953783543416592	0.20005681706382034
0.20214838120858278	0.19946385459972468	0.1993317280484169	0.20007619226560475	0.1989798438776707
0.20118148693603355	0.19978577551130994	0.2004223559275149	0.19941087431413068	0.19919950731101072
0.20346413457897825	0.1983376764243608	0.19967733416414243	0.20023295823915233	0.198287896593366
0.201527722064525	0.1995153949648875	0.20014134392772456	0.19954337803093822	0.1992721610119245
0.19933658238345298	0.2019509751368519	0.1996545961293454	0.20070187321687644	0.19835597313347306
0.2008734125185887	0.20005421184296185	0.19996666756752215	0.20046094713312282	0.19864476093780423
0.19935042085819676	0.201110455762804	0.19950251844279432	0.20042217207868182	0.1996144328575229
0.20116657408756317	0.20074710619075367	0.19985971243707926	0.19939195691729242	0.19883465036731127
0.20056285252466138	0.2000582353466	0.1992109601038494	0.20026139706122148	0.19990655496366752
0.20256507420376324	0.19996967752346373	0.19964319206432973	0.19955725522434226	0.19826480098410082
0.19981896190009057	0.20027555814289816	0.20073183809145861	0.20086316713033367	0.19831047473521873
0.19986492308103207	0.20026760997599946	0.20075237845386892	0.19979693194417153	0.1993181565449278
0.20085071677589592	0.199078163135506	0.20048857277191423	0.20003555996456182	0.19954698735212184
0.2023454111775596	0.19819793128451746	0.20068095040116588	0.19954839182352066	0.19922731531323615
0.19963265088189838	0.2009125405888246	0.20060505999926911	0.20063560438689798	0.19821414414310967
0.20030671695642732	0.20153437400034516	0.19939293174611544	0.2004179245634708	0.1983480527336411
0.2004280423565119	0.20109203695238004	0.199972956987898	0.20006618715429916	0.19844077654891068
0.19988023430741683	0.19909530766991104	0.20020408741868415	0.20074119658766162	0.20007917401632613
0.1995246128676867	0.19952244864954996	0.2005551500985357	0.20081677286569155	0.19958101551853585
0.20008306331152523	0.20147367154537044	0.20005315408404373	0.20006019695311544	0.19832991410594494
0.19996638218823193	0.20082684578557694	0.20024898406715289	0.2001591012508821	0.19879868670815593
0.20100422766219997	0.2003330567417593	0.20023414202101475	0.19987546309090987	0.1985531104841159
0.20057924989986978	0.20008506433730122	0.1997930947855912	0.20043689007473478	0.1991057009025028
0.20347736523731141	0.1981958571492732	0.1994998181076118	0.19995553817663841	0.19887142132916494
0.20011781394223158	0.20094571191983748	0.2008243645686365	0.19991163773689355	0.19820047183240067
0.20171325821512628	0.1999746738408836	0.19967381057767647	0.2000327100787959	0.1986055472875175
0.19969853347898445	0.1992711319708923	0.20047904218579968	0.20073637053147145	0.1998149218328519
0.19970568661189292	0.2007445284834165	0.20020498207551599	0.19964362289354878	0.19970117993562556
0.1997892623122603	0.19930308411533504	0.20047017163990768	0.2007900408460812	0.19964744108641555
0.19976957843485665	0.20017724828120584	0.19953837555764412	0.2005134884026599	0.20000130932363328
0.20251579449947535	0.1992374197330682	0.19917547506134803	0.20063299064930434	0.19843832005680384
0.20015917077498604	0.20014238932525638	0.2001684174463685	0.20009610115760362	0.19943392129578522
0.20245894617125912	0.19869562335876859	0.20042425950601483	0.19982240304314847	0.19859876792080877
0.20024410177176108	0.19990677111185284	0.20072032413181148	0.19973219951686533	0.19939660346770907
0.20227835841088543	0.19933844813558801	0.1993848808299416	0.2005205653927362	0.19847774723084854
0.20081001779346067	0.1990710636947876	0.19979280442271632	0.20033963233328986	0.19998648175574535
0.2005922943568873	0.20034814217805863	0.199602247648458	0.19978148487073838	0.19967583094585745
0.2013557582677886	0.20073909208210383	0.19932980978321094	0.19987415979454104	0.1987011800723554
0.19950031872497412	0.20193646156273704	0.20007040575216636	0.1993908570327465	0.19910195692737576
0.1996776791714773	0.19993512733978872	0.20040700259675984	0.2006338139467367	0.19934637694523719
0.20041343038494372	0.200231321952787	0.20026889873792328	0.2004459665721938	0.19864038235215198
0.19994137914654567	0.20013033658994903	0.20058019759264958	0.20079272153431724	0.19855536513653826
0.20087260774850207	0.19887235274996667	0.20076921789688718	0.20017864049537476	0.19930718110926912
0.2013236736252438	0.19818399039980042	0.20065476401784926	0.20038800552595598	0.1994495664311503
0.20062569415876372	0.20053989225240743	0.20023007780565008	0.1997236698734164	0.19888066590976217
0.2023843762271722	0.19851612192452664	0.19985299496647554	0.2003834233216495	0.19886308356017593
0.2029649330704799	0.1982226341910001	0.19981096295664294	0.19973886571670457	0.19926260406517224
0.20003923154313358	0.20041770649919538	0.2001510418927884	0.20075381387967917	0.19863820618520325
0.20000888810600606	0.20084563432281632	0.2003802186728215	0.19962044281268648	0.19914481608566942
0.20004244205444796	0.20105692118006227	0.19996862959004558	0.2000981203222567	0.19883388685318726
0.203092257993003	0.1991774735247904	0.19927173666407222	0.20010998625728305	0.19834854556085113
0.20123620735202227	0.2001376103294654	0.2000503875053356	0.20034175182334202	0.1982340429898345
0.2003111595589038	0.20052390319924254	0.20068597560713364	0.19995335110814835	0.19852561052657144
0.2014651062333851	0.1988480731799992	0.19969367278375927	0.20073884762702596	0.19925430017583026
0.20110221780479517	0.20071485382853094	0.19917263980703467	0.20076730658561465	0.19824298197402435
0.20079156111659865	0.1983768109897434	0.20075525446976078	0.20035213123233667	0.1997242421915603
0.20003321472894547	0.20180364363102357	0.1994511100315004	0.19963003832290654	0.19908199328562382
0.20197567174228423	0.198679136005338	0.2008143612725477	0.20023122661085532	0.19829960436897454
0.19988648696169872	0.20124979263343026	0.1995776987182139	0.19969247959568998	0.19959354209096689
0.20054367622625968	0.2000219908736493	0.19952547707340582	0.20041960383727705	0.19948925198940792
0.20267064575185018	0.19890185078129144	0.19956114669442024	0.2003967057950188	0.1984696509774191
0.19992774819258463	0.20058073271287535	0.20068295100420883	0.2003767248496516	0.1984318432406794
0.20024019840857737	0.20119195633495232	0.19989472524690338	0.20006931268278202	0.19860380732678468
0.2001118326823675	0.19918609888339428	0.20066121981653906	0.20031390902254623	0.19972693959515272
0.2005746253642015	0.20043967622441863	0.19915944953770207	0.20056263794129925	0.19926361093237832
0.2018863644339462	0.19913393863792822	0.19968645126484438	0.2004543241372086	0.1988389215260724
0.20386585931322448	0.198466958750235	0.1994465423650668	0.19962431145417703	0.19859632811729647
0.20269859988659863	0.19982110996388	0.19926333687136402	0.19947193043298872	0.1987450228451684
0.200879500423412	0.20048892017769912	0.19919335431287474	0.19998809638463416	0.19945012870137976
0.2018415588297009	0.19841612217911164	0.20052585579576726	0.20036333161926623	0.19885313157615375
0.20046928246483448	0.2013194907206912	0.19938580856889482	0.2002525203125366	0.19857289793304272
0.20077204717282046	0.20015986703244168	0.2002325998185413	0.19960053946916917	0.19923494650702714
0.2005695459741611	0.1996591216580729	0.2007544026557759	0.19997708966045324	0.19903984005153663
0.1998244046747005	0.20038254285996743	0.2004776773402846	0.19963703327824306	0.1996783418468042
0.20011067599760637	0.2013787669802059	0.19973163025984805	0.1994600082406688	0.19931891852167063
0.2009447588116486	0.2000215031495215	0.199224908115182	0.20036346152988324	0.19944536839376442
0.19942152126292054	0.2018988061120942	0.20020384768645325	0.19959246721069682	0.19888335772783497
0.20027197049455325	0.20087233901093465	0.19940285985286468	0.19981130830317195	0.19964152233847524
0.20080760245011223	0.20006060882192686	0.1995553669912925	0.19994797313530413	0.19962844860136408
0.19961593879334535	0.1998545078799315	0.2003686108574152	0.20071217004699837	0.19944877242230938
0.2013391533479992	0.20083653208242197	0.1995200739782664	0.19976084663422997	0.19854339395708223
0.20032573340784907	0.20045140229479896	0.19974987818549012	0.20018808430484364	0.199284901807018
0.20286180227787168	0.19931886763349518	0.19964295370840726	0.19963712863701938	0.19853924774320628
0.20009413800899972	0.2010709781698546	0.19921588959940412	0.19941447813391022	0.20020451608783113
0.20050154194248515	0.20106037614316555	0.19928819312736107	0.20083105348109132	0.19831883530589672
0.2006465502658639	0.19969781087719127	0.1995994754119716	0.19984649488307646	0.20020966856189656
0.199666695791831	0.20089176889165317	0.20005836195727436	0.2000872295388638	0.19929594382037746
0.2019225451846932	0.19895621615579423	0.19993326462596483	0.2005837232455895	0.198604250787958
0.20105295744200757	0.20049617746302595	0.1998744508537719	0.19983262250981362	0.19874379173138074
0.20103102915224266	0.19964414561502475	0.1996208183312771	0.20083671208727452	0.19886729481418075
0.2023007823448025	0.1988590549768399	0.19942331042365327	0.19945291187528272	0.1999639403794214
0.19982144802385815	0.20038934895613142	0.20015044285209233	0.19946239851049455	0.2001763616574233
0.19959428319228928	0.20078096053483385	0.1994075923390991	0.20088076483397962	0.19933639909979792
0.2001874493594368	0.20067575165056445	0.20027450626299423	0.1993866011265546	0.1994756916004497
0.20007705670949644	0.20007742991197894	0.2002111789873813	0.1997054730609345	0.1999288613302086
0.20344716288494055	0.19867885394581483	0.19960796049045623	0.1994267000893584	0.1988393225894298
0.2030366867865356	0.19846312139488131	0.19994610978191885	0.1994332386090334	0.19912084342763062
0.20282033402780902	0.19858710340525787	0.19995452195040245	0.1996602672103324	0.19897777340619802
0.19949033011107511	0.20049868524317313	0.19967825134292608	0.20016873345746392	0.20016399984536157
0.19958662717436382	0.20193162603253276	0.20008003061574564	0.19974630802920343	0.19865540814815413
0.199977821428956	0.1995268438829359	0.1998319891870879	0.20073245870027814	0.1999308868007418
0.2027040051215335	0.1986489702831494	0.19997262843508648	0.19945694766074848	0.1992174484994819
0.2030510195702113	0.19831462799186428	0.20044758748239958	0.19947631724863535	0.1987104477068893
0.20062112865789922	0.20010235797430784	0.19987350046109906	0.20031211370796498	0.1990908991987287
0.20240305690215968	0.1997332401755234	0.19975492171002118	0.19952118750161396	0.19858759371068158
0.20082881778695777	0.20131771380381913	0.19939818587284036	0.20019361596828134	0.19826166656810118
0.1996079714651334	0.20094571272346862	0.1996494848114808	0.1999904683105563	0.19980636268936067
0.20286453265162843	0.1985462711629918	0.20023539148518457	0.19940940636610485	0.19894439833409014
0.20326752499683232	0.19927170533485708	0.19944753659047298	0.19949384048537824	0.19851939259245918
0.2011842965706677	0.20001108333271064	0.19918834042433153	0.1996173957782262	0.1999988838940637
0.20120333231584608	0.19944323587096519	0.19971681987691192	0.19949473356186198	0.2001418783744146
0.20117004210251185	0.1997604248911612	0.1999287539652766	0.20072504856721696	0.1984157304738332
0.20263611347438845	0.19912846519022717	0.1994779993178047	0.19979559034098662	0.19896183167659284
0.2030679306976319	0.1982726651166603	0.1998596112436811	0.2002788748823488	0.1985209180596777
0.20257738511906248	0.19831677399455658	0.1991557152245604	0.20072299357486945	0.1992271320869509
0.2014514498552948	0.19887021900190102	0.2007295257483408	0.19997285403618384	0.1989759513582793
0.20111085870972337	0.19927328345583412	0.19923855838547155	0.2002335360385036	0.20014376341046713
0.20120781725156206	0.19879710557567104	0.19998830357422953	0.20036624503050868	0.19964052856802847
0.20179835331592194	0.19859949525120912	0.19997807944289794	0.20049306762201488	0.1991310043679559
0.20191154763146682	0.1993839838958941	0.20003615558375976	0.19995730268171447	0.19871101020716467
0.1997088051707025	0.2000696072976925	0.20061694624104676	0.2000633953734465	0.19954124591711156
0.2021776304087475	0.19831883175446896	0.19972879223303852	0.20040243483228032	0.19937231077146447
0.20101329631160136	0.20003773423720939	0.20009319545539828	0.20036300080364286	0.19849277319214792
0.20084802930931672	0.20117523859238698	0.19942382877496118	0.20000684566633717	0.1985460576569977
0.20039632505329996	0.20158424666063113	0.19995925016770727	0.19944487329557176	0.19861530482278963
0.2001469513967421	0.20049942198902687	0.1999995523019162	0.20042994802827302	0.1989241262840416
0.20043834012428483	0.2007640536172931	0.20070211190700274	0.19965176308302215	0.19844373126839693
0.20103590726307063	0.19891140232295706	0.1995924349921517	0.2006548986703898	0.1998053567514306
0.2018306894869015	0.19823825149645216	0.20043176119858416	0.19987020094326313	0.19962909687479882
0.20335641841786972	0.1982169186971263	0.1992989490971346	0.1995034128677203	0.19962430092014885
0.20169634412783566	0.1991509846018498	0.1993420082815315	0.20079833268967215	0.19901233029911067
0.19934002683469554	0.19964627457641615	0.20051777302537374	0.20083428382372853	0.19966164173978584
0.19995636373959427	0.20207098308957144	0.19955313381165532	0.1995047714664495	0.19891474789272925
0.19931225854115794	0.20042039969660258	0.1996579365995839	0.20044965880686996	0.20015974635578537
0.199874959429549	0.20065910077956045	0.20066781537921194	0.19964890064001892	0.19914922377165947
0.2011638383988585	0.20070352666287572	0.20009405603019698	0.19959277331229713	0.19844580559577144
0.20282164482710144	0.19872556584440468	0.19972661216531615	0.2001575921485539	0.19856858501462366
0.19981034273188486	0.20045723608790944	0.20066942822758546	0.2004098173641989	0.19865317558842113
0.20289827260813975	0.19870465873258117	0.19962682092063053	0.19965097166131268	0.19911927607733565
0.19952969969870998	0.20188128954879347	0.199862764288051	0.19952991863727695	0.19919632782716837
0.19958282251229326	0.20120199525472138	0.2002663777162757	0.20074705871906826	0.1982017457976412
0.19990285179357098	0.20034189277634096	0.1996253902181536	0.2006707237145027	0.19945914149743155
0.20081447028023588	0.19898345650971136	0.20040956538868873	0.20012414373573661	0.1996683640856272
0.20001294509648215	0.19930637522663658	0.20056576208483665	0.20060287332387883	0.19951204426816557
0.2024547858072295	0.19910867694035644	0.1993168073659898	0.19961316167773982	0.1995065682086842
0.20247694259887278	0.1996984269782125	0.19959972852114588	0.19995936466326178	0.19826553723850684
0.1998122382650057	0.20083894041115544	0.19980717026273195	0.19982857349191444	0.19971307756919224
0.20154210115925156	0.19846755380936726	0.19990698058609255	0.2007429899101779	0.1993403745351105
0.1997556357657717	0.2020381850887928	0.19988815554195727	0.1995918146113473	0.19872620899213073
0.20158637607276048	0.1989395314060091	0.20030831830400686	0.20007654209918113	0.1990892321180422
0.20094452938747887	0.19959657540834472	0.19967606340410046	0.2000606792393676	0.1997221525607081
0.20091239851518095	0.19970557414588694	0.2007315641658045	0.20021872795730447	0.19843173521582289
0.20032474425474678	0.2008311374777451	0.20007294786094657	0.20024635159195225	0.1985248188146091
0.2011622223148088	0.20112864279643627	0.19915831421007268	0.1994167626697911	0.19913405800889092
0.1996952773799124	0.2018673465122305	0.19969547931507162	0.20004808246339711	0.19869381432938818
0.20070948542029102	0.20067001718378075	0.19917484472479136	0.19957691902761918	0.19986873364351748
0.20073046090254362	0.19902443798342273	0.20021429653427752	0.1998923645274981	0.20013844005225784
0.19947113895418314	0.1996847930940032	0.20037414958977146	0.20052543680468152	0.19994448155736044
0.20218491671874356	0.19834284679027572	0.19942608837357717	0.19984212335696086	0.20020402476044247
0.1998280711581031	0.2007780535898257	0.19939090472364004	0.2001298778753446	0.19987309265308636
0.20361196762857878	0.19870610948297587	0.1992291800689126	0.19949249499816496	0.19896024782136756
0.20269482301032438	0.19852045996360404	0.20059406071461214	0.19954980886347534	0.19864084744798385
0.2028097034156772	0.1996112864650322	0.19947853555370387	0.19976715212164878	0.19833332244393773
0.19953012015832358	0.19968146054772268	0.2000057717478072	0.2006086795494176	0.2001739679967287
0.20024124763466838	0.2001249994851158	0.20078962005433962	0.20048394129878114	0.1983601915270948
0.20202210112095598	0.1988874965729081	0.19940641184342525	0.20075385034539675	0.19893014011731366
0.20166933710189613	0.20095465024837933	0.19976811438034464	0.199398578569177	0.19820931970020267
0.1993901579440873	0.2005032387401651	0.20028414974482522	0.2004749728273792	0.19934748074354297
0.19995083449209655	0.2015559316099124	0.20026068753512993	0.19994490464529027	0.19828764171757063
0.20125729728996708	0.19931841271543485	0.1997728695744386	0.2007274039956592	0.19892401642450008
0.20091375809434633	0.20128117852597605	0.19937122504392393	0.20022287238932146	0.198210965946432
0.20171740959557946	0.19977570218827445	0.19921595232178324	0.2000096593917331	0.19928127650262956
0.20182976392863086	0.19909489802126476	0.19954513950000202	0.19990353043891096	0.19962666811119117
0.1996332171807142	0.2011285736419204	0.19961723073871745	0.19957152371887438	0.20004945471977337
0.19933419143478365	0.20122069348248714	0.20035109609739796	0.19980219573331687	0.1992918232520142
0.20190671099244775	0.1987257123157015	0.19935552256770006	0.20019136863497566	0.1998206854891748
0.20227061457291334	0.1984746736203048	0.19957426274995899	0.2001917369183849	0.19948871213843775
0.20021736580197755	0.1996400146534353	0.1991994161548806	0.2007268385724887	0.2002163648172176
0.20078942847066455	0.2008544609508991	0.19964523748769095	0.19952088764517412	0.1991899854455711
0.2006081199002529	0.20115866704644772	0.19924661687902526	0.20014418366993192	0.19884241250434198
0.20181253713167907	0.19843711538345027	0.20046001697564383	0.19988759897080005	0.19940273153842655
0.20099311075510284	0.19973686742233998	0.20027614120372933	0.19963469609866202	0.1993591845201656
0.20275615117101087	0.19890689172832177	0.19970299703140432	0.19988290845247267	0.19875105161679016
0.19964374852704003	0.20127882622524867	0.19953682237101417	0.20022128264697886	0.19931932022971804
0.20304192878337923	0.19869951690170587	0.19952993617554282	0.19948788718819008	0.19924073095118175
0.2012989279154732	0.1988223541114773	0.19978087891594967	0.20059382077022805	0.19950401828687156
0.1997207939060874	0.20100750702602876	0.19923822840761718	0.20049834491097362	0.1995351257492928
0.2010191761530053	0.20026847975299908	0.1995733659268937	0.19967776096326256	0.19946121720383914
0.20224337452572716	0.19864198830789498	0.1997326631514853	0.20013960755927715	0.1992423664556152
0.20191508616816056	0.19910515980532678	0.20035983355399622	0.19996663148439675	0.19865328898811946
0.20108292939984398	0.200815352604406	0.19974257518840066	0.19963007684451634	0.19872906596283282
0.1996782308616506	0.2005225424038154	0.20027329207395633	0.19939454899612594	0.2001313856644515
0.20164354164944878	0.1992114208234706	0.19974733352644447	0.20023842107063794	0.199159282929998
0.1998716995005674	0.20149487909834282	0.19987054191927428	0.20047630420154464	0.19828657528027063
0.20316696435991297	0.19842608127964798	0.20048555597645035	0.1994534823207264	0.19846791606326206
0.19944437187123856	0.2004075064722481	0.20028242298401203	0.19996304053553804	0.19990265813696306
0.19942627700850238	0.20057637230623296	0.19982219059651257	0.20067065621531935	0.19950450387343252
0.20192438984056454	0.19951880489251206	0.19955998734687908	0.20032188891013172	0.19867492900991238
0.20170255848622873	0.19838148903633496	0.20037697089870402	0.20022960245961052	0.19930937911912158
0.19933335392849927	0.20143494875907944	0.19956448468844784	0.19965926302618633	0.2000079495977869
0.2021832896203269	0.19877403544963926	0.1996114565145094	0.1996396053494001	0.19979161306612414
0.20165631361731198	0.19942085484380687	0.2001577535695057	0.2001649125356153	0.19860016543375997
0.2001183231009398	0.2008745665865991	0.19924858213760913	0.20075866408508786	0.19899986408976386
0.20061597754627541	0.19871098474305496	0.20020121037322497	0.2007637582421049	0.19970806909533956
0.20106744152404726	0.19991519141511413	0.19959814856967525	0.200590373544057	0.1988288449471061
0.20108698886535273	0.19984431286071075	0.200707624875364	0.19998480913671263	0.1983762642618597
0.2014396894958917	0.1984031387856808	0.19955078370314927	0.2006292757704563	0.19997711224482168
0.19935615203043497	0.1996316928001643	0.2001817482726889	0.20060660733030095	0.2002237995664107
0.20141342369170057	0.20034924180519412	0.19919670712741738	0.1995869829199468	0.19945364445574087
0.20184361771780882	0.19896639367568408	0.20012510155014493	0.19995014368063263	0.19911474337572932
0.2011508983147814	0.19962888420308775	0.19955800972717505	0.19951369074689415	0.20014851700806144
0.2018618730095308	0.19972392267620684	0.19950213743047046	0.1999210830245734	0.19899098385921826
0.19971621049276725	0.2010492279624607	0.19999445279372213	0.2003434433015344	0.19889666544951531
0.2019308122355959	0.19946252194245268	0.20058582612775372	0.19952392993467485	0.19849690975952264
0.20018651859909806	0.19990882199892487	0.2004606322966322	0.20000319316451765	0.199440833940827
0.19995738042918726	0.2009894392594576	0.199590334034768	0.20010990435119752	0.1993529419253894
0.20317990205188724	0.19818458974482117	0.1992100100959696	0.2004239008679197	0.19900159723940208
0.20079357052530789	0.2017343351386251	0.19927675125988903	0.19959231654483972	0.19860302653133802
0.20145396139672592	0.20051861617088082	0.19927409588391592	0.19957735143541097	0.19917597511306614
0.20016590768313208	0.20061248172525337	0.20054630225202047	0.20032848259459757	0.19834682574499632
0.20100456416601806	0.19843805214296326	0.20049116909582193	0.2000418112460805	0.20002440334911603
0.203952094130856	0.19828004279136396	0.1995442708833592	0.1997795582617358	0.19844403393268484
0.2002528091125819	0.2003876810364431	0.2008172603230195	0.19941342757416033	0.19912882195379494
0.20081931387562033	0.20063601259577732	0.19979946545034305	0.20004463467175257	0.19870057340650651
0.1993724651165868	0.20049470999337504	0.20074780865579767	0.20028974031029806	0.19909527592394222
0.19953127194594356	0.2009340445189525	0.2006763252808873	0.20047954314298747	0.19837881511122896
0.19973438302818694	0.20115410666066913	0.1996993797180687	0.20025313697469838	0.19915899361837666
0.20090035774319137	0.19875648799579645	0.20058243732413175	0.20063807317008037	0.19912264376679983
0.20085728032844102	0.19945756715416588	0.20031300760418094	0.1996232469782118	0.19974889793500014
0.20021997016602255	0.20152547461334688	0.1999824480476248	0.1994701394616745	0.19880196771133107
0.20148840922063396	0.2000044235469571	0.19976784045979734	0.19941125684926195	0.19932806992334942
0.19957713219823217	0.2009995530910912	0.19998717918637057	0.19976346437913542	0.19967267114517046
0.20049522584642876	0.19982319526724795	0.19990596291780802	0.2005209208737356	0.19925469509477947
0.20144286017982657	0.2009669932204496	0.19972837751293204	0.19940426062281622	0.1984575084639753
0.20070827429698881	0.2006433158838934	0.19947518349341561	0.20049804302994545	0.1986751832957565
0.20147517372955323	0.19932415911192866	0.20074466992100115	0.20005308481189876	0.198402912425618
0.20353322971806895	0.19823169028864723	0.19928170880217608	0.19944228820251228	0.19951108298859524
0.2006943443941527	0.199169886367746	0.20040681580281297	0.2005459277802798	0.19918302565500828
0.2003622938646082	0.2013937851700598	0.1996890570767055	0.19941808124923371	0.1991367826393926
0.20204233726647017	0.1987226309380732	0.20045105446098246	0.19952895525734043	0.1992550220771335
0.20072304049923692	0.1992008826406262	0.20064977773599982	0.20059875825620127	0.19882754086793558
0.20277630932678453	0.1988413559524533	0.19956926427948424	0.19984091290687123	0.19897215753440645
0.2001502344845688	0.19920386658017072	0.2002657055589917	0.20015870323508786	0.20022149014118068
0.20229322310027675	0.19878255558686012	0.20020755004941412	0.19990602463189577	0.19881064663155298
0.20023804580793442	0.20062871863070153	0.200624711740222	0.19974405381344576	0.19876447000769606
0.20050209223678453	0.2005700453860125	0.19997018885423773	0.20001868802419923	0.19893898549876574
0.2027194516337543	0.19879788744680468	0.19931907746313499	0.20056801919347905	0.1985955642628268
0.19989619526173513	0.20044089974718918	0.19971620289419476	0.1997881012633145	0.2001586008335662
0.20212376855629038	0.19954308871559964	0.199860272788224	0.19998786663704235	0.1984850033028434
0.20123381469544738	0.20124806528318084	0.1991457424244609	0.19961392838584902	0.19875844921106167
0.19965496116747353	0.20047748230887946	0.2003928326985002	0.2007762792969355	0.1986984445282111
0.20060837872974616	0.20037482840272106	0.20047816888565453	0.1996542108775068	0.19888441310437122
0.20125668221948065	0.2000643338470055	0.20047948445888975	0.19952560981641776	0.19867388965820612
0.20177484344427515	0.19971243670490443	0.19987880358711216	0.19977281312700135	0.19886110313670669
0.20120478514908346	0.20057634116816098	0.19984823191930207	0.19971140019369052	0.19865924156976272
0.19982563959894856	0.1996652585877933	0.20076515127164116	0.20069146714056113	0.19905248340105564
0.20133193161468288	0.1996496157133453	0.19934049519173494	0.1996848679574101	0.19999308952282654
0.20079612178447795	0.19872118044513443	0.1995401592946374	0.20083827209659108	0.20010426637915893
0.1996851811302835	0.20135115821946523	0.19973346790750043	0.2007592784569577	0.19847091428579292
0.20151786501726396	0.19853961102500975	0.19924825481053868	0.20081682860835032	0.19987744053883708
0.1997489166075263	0.19973958040489667	0.20008027634636652	0.2002540970583704	0.20017712958283984
0.19941715700692372	0.2018856165778361	0.19918371061909967	0.20072321703151078	0.1987902987646295
0.2002599274555906	0.20053305188696133	0.20007925820665448	0.20049225031721232	0.19863551213358105
0.200572845281709	0.20016843670287288	0.19970415354579288	0.1997487364692669	0.19980582800035812
0.199440599875768	0.20083997263024325	0.19987167785262785	0.19965036606823974	0.20019738357312095
0.2003501641664891	0.20070328688918745	0.19944583188982207	0.19953460639837167	0.1999661106561295
0.19954828474629227	0.20198753085786333	0.19949344338716005	0.19999642789917252	0.1989743131095116
0.201204776800483	0.19930355323017643	0.20034557966737426	0.19988253053471916	0.1992635597672469
0.20218863615606025	0.19934785033672262	0.2002444230088913	0.19983907572257478	0.19838001477575082
0.1996072341623001	0.2020400656094798	0.19981919652470786	0.2003344014989645	0.19819910220454753
0.20088513686040452	0.19950754338136228	0.19972478756664713	0.20054895178890556	0.19933358040268026
0.20240889064000836	0.19870746283483734	0.1991630986359516	0.20081401582426822	0.19890653206493422
0.2023884359852551	0.1995346658890792	0.1996714725785582	0.20009559145464087	0.19830983409246639
0.20101293087277836	0.19867632815051706	0.20013429098059318	0.2006490022597065	0.19952744773640468
0.20056373518615112	0.1984546497178324	0.2005251647783583	0.20044916347891253	0.20000728683874547
0.20024953518904734	0.20144591672899337	0.20036123223052932	0.19946976299273217	0.19847355285869758
0.20286845094520203	0.19849446997956138	0.1997036563005131	0.2005333492878936	0.19840007348682967
0.20353497024390596	0.19820582838519546	0.1997225169731481	0.19998631212269252	0.19855037227505773
0.20208668160002283	0.19899582295821003	0.19926193012568622	0.20081985912054623	0.19883570619553448
0.20167086719964997	0.19930952126541412	0.20022923974795487	0.20005154821382443	0.1987388235731564
0.20093677550126085	0.20066349571004072	0.19925202330871836	0.20060799658106143	0.19853970889891842
0.20300630968270647	0.1983516266769218	0.1995247495518946	0.20084386121560893	0.198273452872868
0.20183570880557897	0.20034902094623147	0.19947083140128585	0.2001341767629051	0.1982102620839984
0.20259230661699124	0.19820100353625528	0.19964593555285087	0.20080791597916967	0.19875283831473273
0.20059633302059413	0.20125238499542128	0.19990574761160318	0.19990977000056892	0.19833576437181227
0.1997019138665777	0.20132878377350003	0.19925924000642364	0.19988278569919204	0.19982727665430636
0.20044897171565595	0.2008604293080563	0.2004346871933155	0.19990287137123203	0.19835304041173998
0.19931383349900983	0.19929969151836036	0.2006312580469194	0.2007961418789235	0.1999590750567867
0.19961055202573869	0.20028025467839378	0.19998387702864437	0.20005460424802593	0.200070712019197
0.2012746240776192	0.19868947445430707	0.20064582603556946	0.20043158500598318	0.19895849042652086
0.20030689886071476	0.2011440318925473	0.19942318200378606	0.20058744894124925	0.19853843830170245
0.20028863974083197	0.2000091612919377	0.20022710726199502	0.19961546021810858	0.1998596314871265
0.2013728091334777	0.19877575768681185	0.20073514749477456	0.19958620855015236	0.19953007713478332
0.20088598921284903	0.2019617722358803	0.1994128117092337	0.19945819514958346	0.1982812316924533
0.1999797472301638	0.20137022466134005	0.19963501899506197	0.19949285741955555	0.1995221516938784
0.2002298922654987	0.19978246762244115	0.20053542961769907	0.19992454419755365	0.1995276662968072
0.20194923992968924	0.19913910939781101	0.19972198413244008	0.19962801034994868	0.19956165619011074
0.20098736654144803	0.19983324392667698	0.2006673484476641	0.19996349534557628	0.1985485457386344
0.20196783330149987	0.19885559143136144	0.20025125994484633	0.20014688339517192	0.19877843192712022
0.202551126546172	0.19842827345558003	0.19979499196770847	0.20070668183172888	0.19851892619881037
0.2014390255839453	0.200805115523419	0.19947899267511954	0.1994847275371857	0.19879213868033022
0.19985575667003883	0.20064568854740136	0.19936370960646935	0.2007406491440363	0.19939419603205394
0.20084561697127873	0.1994563349520941	0.20002272740853133	0.19982737343434298	0.19984794723375268
0.2023939347768172	0.19825955156174932	0.2001871835479353	0.20084540908064258	0.1983139210328554
0.20092098869686018	0.20081219284785948	0.2003204092779633	0.1996542713997405	0.19829213777757634
0.2020683101556572	0.19895282839016556	0.2003720721240818	0.2002969108914614	0.1983098784386338
0.20002118034554056	0.20174881393947253	0.20009473883403037	0.19975834492285105	0.19837692195810527
0.20364337341593858	0.19900575017548278	0.19919008512952596	0.19990190887921927	0.1982588823998332
0.20220424494569011	0.1991660400193087	0.1992674881762681	0.19967392324500222	0.19968830361373063
0.20018414182629177	0.20063483147337466	0.19931256571087766	0.2007506508929009	0.19911781009655483
0.20127042536102022	0.19920306067844265	0.19952887960714488	0.2006786578043732	0.19931897654901884
0.20325895439864974	0.19844939887806437	0.19930302034234973	0.20074936062469817	0.19823926575623776
0.20116905336305904	0.1989239954134584	0.20009311060229723	0.19982521070598547	0.19998862991519964
0.2028960577614989	0.19964048195984194	0.19954773437913467	0.19971211052890575	0.19820361537061848
0.20302626314182193	0.19822744575437679	0.19973334525120917	0.19959283328826027	0.19942011256433162
0.20296948403008233	0.19825318053920143	0.19953337799092724	0.20048333109956637	0.19876062634022237
0.20090497659524256	0.20213656794752013	0.19916513703972324	0.19943959644720033	0.1983537219703135
0.2002709989138656	0.1995237431151804	0.19990430647676574	0.2005462711984897	0.19975468029569832
0.20163361646575786	0.20007277877840038	0.1994496480888258	0.20044324915033604	0.1984007075166797
0.19986135848930633	0.20197850136796364	0.19949874294733455	0.20025795319171366	0.19840344400368157
0.20070145803944875	0.20072666090204164	0.19917776789453265	0.20043122208159853	0.19896289108237822
0.2017906919724231	0.1996688108152126	0.1994848885102421	0.1998702987954704	0.19918530990665156
0.20265724441835664	0.20005770212323254	0.19917620002023895	0.1997279232162347	0.19838093022193698
0.1995866485328431	0.2007729219248424	0.19991555266631256	0.19964949420988543	0.2000753826661163
0.1998442043938431	0.20096559280510445	0.1998208046111534	0.19971433122300544	0.1996550669668934
0.19947219842552652	0.20108883954358428	0.19967348446820563	0.20003784197068236	0.19972763559200102
0.19998957312278873	0.20096573910871815	0.2005480198464188	0.19992736912135492	0.1985692988007192
0.19969428434954667	0.20110355369652494	0.1993391217522678	0.19987814489740865	0.1999848953042517
0.19945909876565276	0.20165417573654706	0.19946718647447773	0.20056018996835107	0.19885934905497113
0.20111384053950895	0.19896305930849423	0.2007849833775613	0.20002657598071627	0.19911154079371904
0.203006591709956	0.19954474106212586	0.19942579451144413	0.19941892880301712	0.19860394391345668
0.2023482883479206	0.19871810610727805	0.19972275699478434	0.20069280255003039	0.1985180459999864
0.20315325651339222	0.1982739828652023	0.19985004676346652	0.1996506257907702	0.19907208806716856
0.20066291069919762	0.19908154174601445	0.2005815574179566	0.20030719053725143	0.19936679959957965
0.20060109734774637	0.20119362404659777	0.19960707013241924	0.20033417642306137	0.19826403205017507
0.2012410241407921	0.19970870924371642	0.1999332940599776	0.19986569834146387	0.19925127421404984
0.20072476003236428	0.20016682844720074	0.19931884159743582	0.20028530556625568	0.19950426435674326
0.20083155506098235	0.19956509967236863	0.20032262148679106	0.1994030678291756	0.19987765595068213
0.201250726336662	0.19902180288757404	0.19963563655309308	0.20076966705749089	0.19932216716517978
0.20213490099530043	0.1987784685640994	0.20072146907610117	0.19971800203506057	0.19864715932943822
0.20201954364939267	0.19910327133491992	0.1997658462161971	0.19977590893548608	0.199335429864004
0.20062660282195532	0.199766371083115	0.20024797049812984	0.19953307504498632	0.1998259805518133
0.20055866396683292	0.1994884844350655	0.20002687177627074	0.2001095927792475	0.1998163870425831
0.20133840825063137	0.19854431886565466	0.1999062578432701	0.20075442283297795	0.1994565922074657
0.19981650912621976	0.2010089654079794	0.2003378800617309	0.2001115685687046	0.1987250768353651
0.20076362095405814	0.19899413308634034	0.20078544811509522	0.19994748101323415	0.19950931683127196
0.20068721634879794	0.2000180821560241	0.2006779528390013	0.20016467193545856	0.19845207672071788
0.2008926921796301	0.19996713620908427	0.20050353881493863	0.2003596651211848	0.19827696767516195
0.20174116516104	0.19897855878831208	0.1999028541746971	0.19963662542832353	0.19974079644762707
0.20256068399739854	0.1985173880429685	0.20034325046453597	0.19987335378215637	0.1987053237129404
0.20319775369396845	0.19884718387884673	0.19960883497225498	0.1999992066333558	0.19834702082157382
0.20174260742738087	0.19905651244022562	0.2001942670042931	0.19989486645245544	0.19911174667564474
0.2016401681956831	0.1983572691331201	0.2003882509270458	0.20077401640467693	0.19884029533947387
0.2009403143994058	0.19853469090095527	0.2002589590391335	0.2000950085012194	0.20017102715928584
0.20168937222870892	0.19840281596342088	0.19918451787827568	0.2007695180414761	0.1999537758881182
0.19934749555553263	0.2011693983707046	0.19995041500703856	0.199856518243296	0.199676172823428
0.19976062305116582	0.20084861528079748	0.20000102720041366	0.20025461551129603	0.19913511895632677
0.20031922282219755	0.19973583045994941	0.20034482777550872	0.19978183474918815	0.19981828419315592
0.20227586870483238	0.19836142217722355	0.20034310978678677	0.20059393203939507	0.19842566729176198
0.20233775871658746	0.19880566763245225	0.20007024957208172	0.19978662272109057	0.19899970135778774
0.19934488353056087	0.20155192149501644	0.199305981589575	0.20031221304875563	0.19948500033609182
0.19940889639224954	0.20090654303523992	0.20059110049126103	0.19989026594607104	0.19920319413517826
0.19947479379913777	0.20022728455377323	0.20038810299425633	0.2002857460366202	0.1996240726162123
0.20045870269779517	0.20074718881674752	0.1995635275764631	0.19984252608371483	0.1993880548252792
0.20116889486319342	0.19977008662462573	0.20050951912357065	0.19991786036700737	0.1986336390216026
0.20122821442297933	0.19885598226347673	0.20030034631629398	0.19967451347151607	0.19994094352573366
0.19949644084987883	0.20066287552213513	0.20001497642763816	0.20056526108204775	0.19926044611829993
0.20082772888158912	0.19981566955372007	0.20010588866726045	0.20037316710353814	0.19887754579389197
0.19968856450082942	0.2006589815565066	0.199742472760807	0.19999524498135648	0.19991473620050026
0.200061946099971	0.20006127660617842	0.2007470276473875	0.20012178950057724	0.19900796014588562
0.20093141440940826	0.19867213816234683	0.2006668585521039	0.2007510187544905	0.19897857012165027
0.2009777541724061	0.200277934862888	0.1993648430927501	0.2005661663076327	0.1988133015643229
0.20004838771403022	0.20114824380543062	0.20062701863721974	0.19992379275085487	0.19825255709246434
0.20139846348563453	0.19952401664410652	0.1992732577336514	0.2003508295631726	0.19945343257343473
0.19990867973738366	0.20057514629620074	0.2006460093072729	0.20011477087347515	0.19875539378566734
0.20101392063227164	0.19898027235284577	0.19997067450076048	0.199855475455881	0.20017965705824087
0.20158342087782916	0.19884692352217495	0.19953620634520466	0.19999520176709398	0.20003824748769702
0.2024206844176544	0.19867247387044268	0.19941779686969793	0.19963520529825052	0.19985383954395428
0.20015194957466056	0.1996856345879687	0.2004490779314989	0.20035000901078165	0.19936332889508998
0.1993579135248148	0.20133953367378238	0.19944930274991277	0.20079895634550557	0.19905429370598426
0.2029672908118786	0.19943293484720345	0.19967383889764773	0.1996537561654907	0.19827217927777932
0.2025597208737648	0.19832550261372783	0.20042750799705727	0.20000721016026707	0.19868005835518282
0.20183896041416974	0.19840510600678807	0.19965766027744894	0.199991447914528	0.200106825387065
0.19974082669229917	0.2015740626289839	0.19956598308842358	0.19943502565455096	0.19968410193574218
0.20025645017328014	0.2010820640259984	0.19929133394987833	0.20023814301674145	0.19913200883410145
0.19972071173578135	0.20045528757455966	0.19978696729296486	0.20018116867991068	0.19985586471678327
0.20191347246331368	0.20002751644479547	0.1998769029057948	0.19965311592328708	0.19852899226280873
0.20210396797982	0.1986773540639691	0.2007195583332549	0.19977930593695056	0.19871981368600516
0.2017303153229448	0.1994538632828637	0.2007743757891076	0.1994765812066075	0.1985648643984762
0.20051167478750684	0.2007679878309747	0.20061518169748324	0.19945203683931648	0.19865311884471856
0.2024136242255519	0.19847087087682616	0.20034683041728146	0.20047648841981938	0.19829218606052085
0.20215007950721697	0.19888723669892194	0.1997510547712887	0.20046586380265735	0.1987457652199148
0.20157251956031288	0.1989836629743532	0.19961941463826433	0.20063672684191378	0.19918767598515558
0.199705080210247	0.20153412268643653	0.2005701105980399	0.1997622928888134	0.198428393616463
0.20080786212693363	0.20058162322393314	0.199485322970244	0.19992694790694915	0.19919824377193987
0.2017810598573906	0.20060705382169045	0.1994968472748312	0.19939026955868108	0.19872476948740647
0.2004352631722831	0.2009565737526089	0.19997176458357746	0.1999600231307105	0.1986763753608198
0.2010709019870864	0.19902535601842886	0.20035176704612648	0.19945775626095769	0.20009421868740038
0.20210735530020232	0.1995540070694041	0.19979231464142688	0.19979548384571758	0.1987508391432489
0.20337841459017886	0.1987325830485449	0.19927274402985481	0.20020525065702444	0.19841100767439676
0.19968551372798432	0.20217801499353144	0.19945683608291503	0.19991312787182436	0.1987665073237446
0.2006037782778849	0.20040258259126334	0.19983868767891036	0.19964031054953302	0.19951464090240817
0.20042475523051922	0.20012721772882106	0.19955201357983735	0.19975040120180873	0.20014561225901342
0.19984101218353334	0.2011359624885115	0.19917379764990126	0.2001504993835227	0.19969872829453097
0.20164268096730112	0.19981536877263412	0.19952368256364114	0.19955394026474885	0.19946432743167458
0.2004462981884062	0.1995238453819434	0.1999625281663954	0.19996527094914954	0.20010205731410524
0.2011987478208275	0.19882125635211773	0.19993392752142153	0.20023918082839307	0.19980688747723993
0.20242135773418554	0.1992158954408278	0.20019888777676473	0.19944070435958972	0.198723154688632
0.20022921771961721	0.2008484591089655	0.20059504329197833	0.19969753351248068	0.19862974636695804
0.19965289216272433	0.20145679217267554	0.2000301474963989	0.20026522312775114	0.19859494504044986
0.20122133793029218	0.19877985272993293	0.2008426789757357	0.20008275743797788	0.1990733729260611
0.20181298065683798	0.19941991202157472	0.20041178557522973	0.19959264588458264	0.1987626758617747
0.19971965772010314	0.2005542800155813	0.19967059028213008	0.19994572130003493	0.20010975068215034
0.20271041860280256	0.19970254608390733	0.19939632433846924	0.19972910553393539	0.19846160544088526
0.20050042157383	0.19944983312614456	0.20033596184192057	0.19974209125012954	0.19997169220797514
0.2026022875198578	0.19908068453305208	0.19952622749707882	0.19972083882256814	0.19906996162744295
0.2001560928663909	0.1997748402663285	0.20046595973675269	0.1998760914336337	0.199727015696894
0.2002188982804415	0.19945631938241823	0.20034900865973337	0.20058858935591445	0.1993871843214922
0.20116203720627088	0.19936197494687846	0.19996159869176203	0.2006384416138397	0.1988759475412487
0.20053855013453775	0.20035191388915852	0.19915312157731374	0.20081781979520802	0.19913859460378178
0.20289883616447665	0.19870449189338654	0.1998298582976626	0.1998714354931344	0.1986953781513396
0.2014137960042414	0.20050548185253306	0.19915808181818154	0.20022384482103955	0.1986987955040042
0.2015776023314319	0.19855202928041651	0.2007927372411949	0.19981650106068846	0.199261130086268
0.20204519995113135	0.19927133151014292	0.1994318307037596	0.1996240015753875	0.19962763625957836
0.20038243082367282	0.19921808522247286	0.20036451288391702	0.20074430307725752	0.19929066799267955
0.20230368713303248	0.19880043577698106	0.2002048880390431	0.19974205335560907	0.19894893569533406
0.20062067096483208	0.2014813944852221	0.19945081774679185	0.20002018523496803	0.1984269315681857
0.20222233349778013	0.19903560225928185	0.1996058545533368	0.20068168201811934	0.19845452767148167
0.20145627886400697	0.19924324321287157	0.20004907498610244	0.2004493629778886	0.19880203995913023
0.20217347697526264	0.1998616571536202	0.19941347603844534	0.19958219810252523	0.19896919173014635
0.19938642522395192	0.20056402943476034	0.200283820854358	0.20072328263945088	0.1990424418474786
0.19966985493432296	0.2016002956553934	0.20055458068497753	0.19994143121147723	0.19823383751382867
0.20186980975537233	0.19839131214507894	0.20007934533269725	0.20060481757082813	0.1990547151960231
0.20155609069360897	0.2008162404924465	0.19982295709830403	0.19956876341991317	0.19823594829572708
0.20184510941445874	0.2000163916847414	0.1995100669415334	0.20017597048615782	0.19845246147310844
0.2000709073427792	0.20060391071711248	0.19976007847344088	0.2007637162061877	0.19880138726047958
0.1996982050602624	0.20075838859294082	0.19942675576343147	0.20077444341159537	0.19934220717176973
0.20055524868548333	0.2007957459052227	0.20012564096297783	0.19948893116884509	0.19903443327747083
0.2015375367290622	0.19917514119680169	0.20021103256349432	0.20021663615943858	0.198859653351203
0.200491488552354	0.20066274078885402	0.19948807790637751	0.1995767655688984	0.19978092718351584
0.20320504426651378	0.19831632082820588	0.19929636453004612	0.2006306840882816	0.19855158628695238
0.20143333167311347	0.198190426989076	0.20083260092732538	0.19976578674576484	0.19977785366472006
0.2002387455451202	0.20027420786451125	0.20007898624189455	0.19997608531594965	0.19943197503252413
0.19990503142888164	0.1998683552095498	0.1997167943132864	0.20066521550171895	0.199844603546563
0.20271193964833933	0.1997575023958915	0.1993802333758784	0.1998541202008194	0.19829620437907117
0.20146041621304622	0.199811831991701	0.19981887171582086	0.20064152813139785	0.19826735194803385
0.20113094120002964	0.1996046928032678	0.20047784315312284	0.20038188546069158	0.1984046373828879
0.20116161928275353	0.19846383166222897	0.1995124156758836	0.2007696637982848	0.2000924695808489
0.2015797087592251	0.19912998548030006	0.20050748225068046	0.20037407039436453	0.19840875311542963
0.20198693251302158	0.19905072185920053	0.19992800944183955	0.200708175102421	0.19832616108351714
0.2013093861144828	0.20015694668752942	0.20012391424164724	0.19955487401653188	0.19885487893980844
0.2023816261646181	0.1993981608919632	0.19969186803650402	0.1997580656240605	0.19877027928285396
0.20041323297984576	0.2001052401442099	0.20008213608016312	0.19973626398801975	0.19966312680776124
0.20150164949834337	0.19968725442760854	0.2006569793896299	0.1997875453024245	0.19836657138199346
0.2019199673420758	0.19840598566492276	0.19978190635069162	0.2000630513018306	0.199829089340479
0.2005365043698127	0.20145904162893064	0.19916393307262828	0.20019573337127763	0.1986447875573505
0.20112349437425028	0.20002806847576177	0.19961780160999898	0.20062597187942208	0.19860466366056667
0.20217679517874967	0.19947797028031605	0.19917566820741564	0.20054863513901344	0.19862093119450494
0.20028396708374682	0.19942413209610402	0.20076156648011864	0.2000449980202405	0.1994853363197898
0.2000786652820675	0.19941147507763837	0.20061829745005114	0.20067815766251842	0.19921340452772437
0.19978315948391523	0.2016533513891263	0.2006121686188084	0.19964074229140194	0.19831057821674788
0.20135743583000182	0.19894407681732404	0.20073183270412365	0.20030649415960664	0.19866016048894367
0.20137101211267072	0.19929456379045926	0.1999848631274496	0.2000105715428624	0.19933898942655784
0.19978703652298596	0.19894238581126997	0.20032030899511563	0.20079152110948884	0.20015874756113938
0.20202078494342227	0.1987301064784775	0.1997083503019308	0.2008220842131949	0.1987186740629743
0.2017222686060292	0.1994212207052224	0.20077919470219915	0.19961558369214277	0.19846173229440625
0.20010729089216273	0.1991733254443283	0.20045789356129914	0.2003693890370833	0.19989210106512634
0.2025192039719066	0.19841949988544463	0.19988446417110023	0.199933649732679	0.19924318223886933
0.20129452814744844	0.20046141269706758	0.20009667654658786	0.19979005421858365	0.19835732839031223
0.2026256989115241	0.19822324180740067	0.19969515803920393	0.20057954709608786	0.19887635414578322
0.20054279023628344	0.19967192662532018	0.20058706111570268	0.2002161253727975	0.198982096649896
0.1994698717682314	0.20193930347998973	0.20003226101613328	0.20001941817399155	0.19853914556165386
0.20308629031890313	0.1986061295710811	0.19932574665420888	0.2007042666436836	0.1982775668121231
0.20015477447577687	0.2015803152173775	0.2004900523191054	0.19947826720998751	0.1982965907777525
0.2015388675569679	0.1992733799954656	0.20058175363006914	0.1996076528152898	0.19899834600220737
0.2016407365267377	0.19912077237260753	0.19995495182837653	0.19953358468024693	0.19974995459203107
0.20260158684253932	0.19824284757023608	0.200674356810385	0.1994336535664081	0.19904755521043124
0.2008348092598514	0.20166050002207675	0.19920706158191764	0.2000975631866255	0.1982000659495285
0.20284698996594755	0.1991829460660083	0.1994701293795211	0.19972461009780507	0.19877532449071778
0.20149787635784	0.1993468229348985	0.2006695198012991	0.19985431563101508	0.1986314652749471
0.20164089059420806	0.19938941083393674	0.200295103295846	0.20022109749627803	0.19845349777973093
0.20105686633908212	0.1990080543713447	0.20072959773585622	0.19948210399856472	0.19972337755515204
0.20059043159225814	0.1990416160817778	0.2006417437086595	0.20069906171154245	0.19902714690576184
0.20081680323995513	0.20115728165748614	0.20008373619676542	0.19939188131064034	0.19855029759515272
0.20018379648044524	0.20004693936596016	0.1998418789402764	0.19988344068597066	0.20004394452734728
0.20271262787484082	0.1989701918133093	0.1994775016611138	0.199761135218523	0.19907854343221285
0.20175373047249603	0.19998347400725996	0.19922585263260364	0.20036745778847312	0.19866948509916701
0.20035223310485328	0.20016686441066242	0.2003764682849654	0.200270484400098	0.19883394979942068
0.20019871913311413	0.201079646376287	0.20058451505327346	0.1996928426244644	0.19844427681286078
0.20034156469624778	0.20059286862406994	0.19999440295381887	0.2006215877695215	0.1984495759563417
0.2014377946052868	0.19898786543681868	0.199776708124925	0.2004776981164614	0.19931993371650786
0.20010644715989095	0.19977863685371677	0.1999974143336131	0.2003004718045186	0.19981702984826036
0.20060415071993368	0.19968974842505693	0.2001815667656778	0.20050832414200132	0.19901620994733005
0.20236664351982925	0.1999534627446565	0.19932982603232813	0.20000679510787447	0.19834327259531143
0.20093692741584882	0.20080253594283934	0.19941288133828958	0.19944099952435898	0.19940665577866307
0.19962005181667644	0.20150560427054892	0.20023564941613195	0.19952531048745312	0.19911338400918938
0.1996705332500786	0.2002571710161679	0.1991578619016799	0.20077924322447321	0.20013519060760016
0.20068331223502456	0.200325925161088	0.19992875290256332	0.19974017354956142	0.1993218361517625
0.20011415575121863	0.20214290198099477	0.1991698608941543	0.19964890141972416	0.1989241799539079
0.20128598975623152	0.19918582358505676	0.20023997453366715	0.20052838602010292	0.1987598261049414
0.19988557103977944	0.2009962909122318	0.19968204391338232	0.19974951157377305	0.19968658256083316
0.20124233619297913	0.2009591836426059	0.19937222296425258	0.19988212980733516	0.19854412739282698
0.2024068184343627	0.19941063049667476	0.19983651117711781	0.19948965148107148	0.19885638841077305
0.20075171836307637	0.20201107765318838	0.19930448234912623	0.19939674302146226	0.19853597861314654
0.20067178035544958	0.19909452587139548	0.19972343597204514	0.20082933874007583	0.19968091906103375
0.20140977570459404	0.2017253033022117	0.19923618083838457	0.19941887559178642	0.19820986456302309
0.2011853960920332	0.20008922116896188	0.20055112983140885	0.1995878734917407	0.19858637941585516
0.19952294675622043	0.20021493616202068	0.20004055553814337	0.2002478890075252	0.19997367253609008
0.20158740459112584	0.19897000752031105	0.20041561391880497	0.2002443512871428	0.19878262268261512
0.1999173566103129	0.2006381565544899	0.19957097385807152	0.20062465039299318	0.19924886258413227
0.20029130340644005	0.20101984112512528	0.20002073993006347	0.1994855404560656	0.1991825750823054
0.20077830433274252	0.19882336068321715	0.200541958997317	0.20063745876217653	0.19921891722454657
0.20232268169367226	0.1991428613176305	0.1995355644260384	0.19984332050240614	0.19915557206025247
0.20357329094448892	0.19829682845901075	0.19924963887084604	0.1995011242964135	0.19937911742924055
0.19954497318744802	0.20055254634749473	0.19978513863339994	0.19998123828158784	0.20013610355006925
0.20100413346775894	0.19886574317853223	0.2001130411093702	0.20064762309733514	0.19936945914700327
0.20099406796284497	0.19897831275096006	0.19949652854215116	0.20031351536434386	0.2002175753796997
0.20052047687880964	0.19878833501384457	0.1999478429489971	0.2007760807831463	0.19996726437520218
0.20327197208199135	0.19937400789493215	0.19914327199424123	0.19942022325994235	0.19879052476889267
0.20092992720884126	0.20018302996718823	0.1992423690800942	0.19974613602556082	0.19989853771831526
0.20200818574692556	0.19948105475277256	0.19959954657129758	0.19953993151163493	0.19937128141736912
0.1997028847932015	0.20030623391129107	0.19940308714615132	0.2003974817447572	0.2001903124045987
0.20302423157368032	0.19924217565639044	0.19926628309550853	0.19958187724101129	0.1988854324334092
0.20274937726671238	0.1990998279615155	0.20001311356678864	0.19960286516249534	0.19853481604248788
0.20144244687666804	0.1998621849821968	0.20083696499053702	0.19963693026562404	0.19822147288497385
0.19946396912506342	0.20070381765425233	0.20029571262751383	0.20079317987558437	0.19874332071758583
0.20054803778214755	0.19987371661668113	0.19935920296658696	0.20029911285448593	0.1999199297800982
0.2005343898778269	0.1988108586420362	0.20044846667179753	0.20058194165085338	0.19962434315748578
0.20031443449647804	0.20046113878715308	0.2003335667259386	0.19958012287462346	0.1993107371158066
0.2010860351961408	0.20083083395236165	0.20003707718911598	0.19959524063829373	0.19845081302408762
0.2021636845778793	0.19924469547577442	0.1998437375552855	0.19994219176832642	0.19880569062273412
0.2000337368247204	0.20150759283064928	0.1996720708616311	0.1998190871595843	0.1989675123234147
0.1994322682925755	0.20093003847936475	0.19995686584078093	0.20063923589236013	0.19904159149491849
0.20208220428004728	0.20061524170370942	0.19917862392604366	0.19972660936123263	0.19839732072896676
0.200020199612812	0.19984299532821984	0.2001296851786878	0.20084040540900758	0.19916671447127257
0.20097840633613143	0.20112626072820738	0.1997325572936685	0.19953467200789665	0.1986281036340958
0.20125767403076597	0.19936843319970188	0.2007206277673012	0.20017372514374002	0.1984795398584907
0.20278248710079264	0.1990976161725296	0.1996761869253385	0.199704801563492	0.19873890823784704
0.1995498787465912	0.20160540468570923	0.20002243825865604	0.19947670223643924	0.19934557607260409
0.201277986092555	0.1987327412762354	0.20061495378112723	0.2004158514802126	0.19895846736986955
0.2002368052774172	0.20092325907253303	0.19989074605166607	0.19974567363471946	0.19920351596366406
0.20009545115946473	0.2000579985370595	0.19981487192539035	0.19984439617033767	0.20018728220774754
0.20020811382711529	0.20103496295822282	0.20015086342821448	0.20035607994430094	0.19824997984214623
0.1997775878376525	0.19962698469228246	0.20074088478185817	0.20043130944532755	0.19942323324287908
0.20138075468808117	0.19832651766738277	0.19978278512178968	0.2004247582180177	0.20008518430472846
0.19996005389507415	0.20003849704690874	0.20063686560967645	0.20030424532215874	0.1990603381261817
0.20287363451286267	0.19837779294437785	0.19927106531426464	0.20080150458495305	0.19867600264354157
0.20148946059128445	0.19942985325321877	0.20054273396650216	0.1995345682928134	0.199003383896181
0.2008509488099204	0.2005833883738172	0.19948112216919808	0.19969761738359154	0.19938692326347252
0.202219300495075	0.19952392505479402	0.19940314348719457	0.20055126335637805	0.19830236760655814
0.1999392351109355	0.20047228144392165	0.2004911837957344	0.20053235072631023	0.19856494892309798
0.2010575544849441	0.2000425491260032	0.19975512778765966	0.19955308578856248	0.19959168281283035
0.20054695556684696	0.19995894872510844	0.20075849120947392	0.2001276367743227	0.19860796772424777
0.20004314416086066	0.20021434340764707	0.20060054641419736	0.19981174967473175	0.19933021634256293
0.19995072242819104	0.2006310892298049	0.2002777828542052	0.20040310152786361	0.198737303959935
0.1996555614959579	0.19937721627156632	0.2005875250859475	0.20055176438504188	0.19982793276148622
0.20384932842194217	0.1983287268780787	0.19916167825559497	0.19983991401806347	0.19882035242632046
0.20017818194072717	0.20046052943573195	0.2002179338720415	0.20084743367213	0.19829592107936916
0.2021886615876436	0.19872726800647925	0.19995668800187344	0.19940044182033642	0.19972694058366708
0.20128136571148408	0.2003988590429658	0.20008911838109794	0.199541262773419	0.19868939409103298
0.20102606119316893	0.19916203486236506	0.1998943494278877	0.2007186420909203	0.1991989124256578
0.20391009474673785	0.19867545046911672	0.19923386815282018	0.19993192531201073	0.19824866131931426
0.20040647172777415	0.20007002473302762	0.19926016905730276	0.20009372422451094	0.2001696102573843
0.20014789992725715	0.2004681062892358	0.19956451692911056	0.2003040250013134	0.19951545185308286
0.2004920482621476	0.2006809272568339	0.20037333214092315	0.19978031486101241	0.19867337747908273
0.20180731345738365	0.1988341535237393	0.20030666784724238	0.2003856466827658	0.19866621848886867
0.20241298590994297	0.19999180115901027	0.1994320794467089	0.1998224288276019	0.19834070465673573
0.2003316150301274	0.19959582909001947	0.2008197254267969	0.19975406234109763	0.19949876811195838
0.2016792174623834	0.20027558153467917	0.19953685623760672	0.1994153339091552	0.19909301085617526
0.20022323148951898	0.19988405322271718	0.20020812679521066	0.19965537263368338	0.20002921585886954
0.20107478968004908	0.19998662544505952	0.20074174389891203	0.19948675252061013	0.19871008845536903
0.2008091519772229	0.200804789756968	0.19980406350988267	0.19996700904199338	0.19861498571393285
0.19947831762851848	0.20112006395792195	0.20038209713560004	0.2005624250619834	0.1984570962159759
0.19962924095021375	0.20102741113484293	0.20005682974829234	0.20088363454601493	0.19840288362063585
0.20084404804185588	0.2007444701457697	0.1993445478125571	0.19950782499304612	0.19955910900677096
0.19991105699642892	0.20037900209377107	0.20044872990654986	0.20074051968695195	0.198520691316298
0.20277866128050231	0.19821542215473503	0.20023116400326035	0.1994728038147819	0.19930194874672016
0.20051763672492767	0.20058571192589209	0.19923690264702118	0.19950943756719877	0.20015031113496007
0.20051918272364685	0.1984669342749504	0.20007877330548565	0.20074762625464207	0.2001874834412748
0.20071285143677764	0.1995047712357142	0.20076325537736975	0.20018158471669523	0.19883753723344297
0.20110354168730948	0.19990056681418222	0.19953534858997032	0.20053023372365378	0.19893030918488397
0.2014571372658333	0.1989105217104546	0.19952666702164662	0.20081409700196043	0.19929157700010486
0.20217502654696135	0.1985104673365438	0.2004896073060616	0.19940153921608683	0.1994233595943462
0.20241997171774975	0.19920257768888086	0.19927127460424082	0.200532479316491	0.19857369667263733
0.20120024317604482	0.2001696590772799	0.19959396014999112	0.19973608627015843	0.1993000513265255
0.20160040076414126	0.1995068045150625	0.1992265321307949	0.19971857633360188	0.19994768625639922
0.20026912125466229	0.19909863501464506	0.20073760264627943	0.20073093168578998	0.19916370939862305
0.20025841453026574	0.20069083623975614	0.19977558512931806	0.1994094915531632	0.19986567254749663
0.1994135273853319	0.201742641254618	0.2000779406504953	0.1997207135164141	0.19904517719314047
0.20147947546440187	0.1993399413464075	0.20053260284908378	0.20040356715986407	0.19824441318024252
0.20091792056097252	0.2013559907326461	0.1993881640716373	0.19997486222528463	0.19836306240945925
0.20275493220603796	0.19830149375378553	0.1993195452637498	0.20074889224748269	0.19887513652894379
0.20045941245632637	0.20134068144372105	0.1993643083084539	0.20043765311018502	0.19839794468131347
0.20148098839383946	0.19859723989021083	0.20046634892997078	0.19948430915047657	0.19997111363550213
0.2008271332847378	0.1995830473803335	0.1995570426696529	0.20069675284974253	0.19933602381553303
0.20259016392422283	0.19853884948824926	0.19973861323048836	0.2007767635951138	0.19835560976192554
0.20100000909230445	0.2008760234920252	0.19988369732643715	0.1998656927367023	0.19837457735253067
0.20246003588051645	0.198584234301969	0.2001671845910983	0.19979669934142466	0.1989918458849914
0.20119144387612478	0.19870207683052019	0.20060752809555896	0.20069244471675532	0.1988065064810405
0.2002578849243687	0.19883494430884313	0.20049196197810043	0.20041577492957127	0.19999943385911625
0.2012948274455475	0.19905772087161833	0.20024274792532162	0.19969239758963242	0.1997123061678799
0.20212065841174096	0.1991900196607377	0.2007901435291002	0.19955567290230386	0.19834350549611704
0.20075972330926362	0.19922434704196246	0.2003867788321783	0.2004274759160678	0.19920167490052762
0.20075732714509487	0.19880335343385067	0.2003147624342956	0.2004930973706104	0.19963145961614823
0.20054392953497222	0.19863466217426995	0.19983541880294334	0.20078818859374045	0.20019780089407382
0.1995545294996976	0.2020025934684579	0.19965508065815948	0.19949664023816538	0.1992911561355194
0.20171872129306503	0.19976203997887568	0.19998351233059658	0.1997585915666191	0.19877713483084342
0.1996387970913537	0.2003681513181731	0.199667012173244	0.20084178145150572	0.19948425796572328
0.19995907407249952	0.201899324415963	0.19923899729690486	0.19961657312583064	0.19928603108880175
0.19970889621420312	0.1994040560166628	0.20035367305493187	0.20083886049545593	0.19969451421874604
0.20094240007940573	0.1997170409431818	0.20009960728552167	0.19994065542905345	0.19930029626283713
0.201250789082948	0.19926351047626542	0.19989272503081865	0.19979258725814777	0.1998003881518199
0.20000353683746644	0.20125242430737686	0.19938260813147368	0.2005813900943951	0.1987800406292877
0.20050139222102073	0.2000816862969182	0.19988570348731766	0.20030312668880657	0.19922809130593663
0.20223659767610747	0.1983153140063226	0.20019085470598608	0.20014466934241193	0.19911256426917173
0.20141897608109033	0.19878620640085418	0.19993525632308687	0.20033597840346984	0.19952358279149857
0.19959105115566877	0.20195497972146512	0.20001105077264691	0.20011159029475184	0.19833132805546713
0.20371714717434491	0.1988016422736085	0.19936151007908096	0.19980548012613772	0.1983142203468277
0.20107701413479692	0.2001840061732619	0.2003365257065578	0.19963943366973763	0.19876302031564555
0.20194265400602915	0.20015734006399136	0.19940324502004328	0.19946896581116952	0.19902779509876647
0.20118318645654507	0.19947592213772294	0.19926473750534496	0.2002036028427414	0.1998725510576454
0.20074373293072237	0.2010316391675718	0.1996274386994899	0.19980404953070952	0.19879313967150614
0.20024649411139475	0.2008899743243045	0.1996825759705077	0.20004876510280153	0.1991321904909913
0.2017796646514143	0.20026014928614072	0.1994011155848379	0.19989630348976553	0.19866276698784133
0.19961459201656293	0.19997731675855432	0.20007625945930751	0.20041176016590118	0.19992007159967384
0.20070777066761122	0.20160300788170232	0.19950087241051626	0.1997693756700209	0.19841897337014905
0.20239711391957224	0.19939062677271704	0.1997352625757106	0.1998189393805939	0.198658057351406
0.20020598491438052	0.2009265298679683	0.19995975254634923	0.2000303113275724	0.1988774213437293
0.20295199220057658	0.19846182124299147	0.20046469990850407	0.19959778513464338	0.19852370151328427
0.20151789233962142	0.19840287556875574	0.2005309449731589	0.19963297378475758	0.19991531333370616
0.20154202906040714	0.1995746126334922	0.19934662613708348	0.1998296675784839	0.19970706459053308
0.20130434258664892	0.20058377601965266	0.19939925387808108	0.20039000167100363	0.1983226258446135
0.20189003611673625	0.19947749082785424	0.19933656313334336	0.20052571453202894	0.19877019539003699
0.20025899336052735	0.19870519230427736	0.2004105713246791	0.20040529011216157	0.2002199528983544
0.20144760160721176	0.19928791533486553	0.20055342961220685	0.19965667539604523	0.19905437804967038
0.20223731429446748	0.19839070205368886	0.1993302803229629	0.2005461672077194	0.19949553612116114
0.20002574084700475	0.20051381465643375	0.2000464796842509	0.19969918879378046	0.19971477601852988
0.20179609224813919	0.19928620130245145	0.1997683937815277	0.19968196713046651	0.19946734553741494
0.1995892916616062	0.19979566718945255	0.20060212271356004	0.20046786504867317	0.1995450533867078
0.2012942668994238	0.2001471303364209	0.20005995816966074	0.20010075276902797	0.19839789182546633
0.20155975007309787	0.2001201167219893	0.20042927448680045	0.1995728111011936	0.1983180476169186
0.19993812917738882	0.2003032989629433	0.2007270729628762	0.20046462988814343	0.19856686900864803
0.19941961990183696	0.20101147711746556	0.19997733219511607	0.20052996735102416	0.19906160343455703
0.20024754339586848	0.2007251098180645	0.1999263939938028	0.20077242811095045	0.19832852468131357
0.20259480186578574	0.19823025927444266	0.20016634163748664	0.2008101006738889	0.19819849654839583
0.20049870957521856	0.20098883308889598	0.19998287955799876	0.20019145452956935	0.19833812324831712
0.20080256513302272	0.19886975489310788	0.20018526916027812	0.20036246124794505	0.19977994956564601
0.2009084201768353	0.19991461782241424	0.20022208216533452	0.20052033349369314	0.1984345463417226
0.2029330564214053	0.19997759562839384	0.19920306001418925	0.1995830729136079	0.19830321502240347
0.2017801827990904	0.19938487088733775	0.19930982164733835	0.19966014127060427	0.19986498339562903
0.2006734556446686	0.1999448115018022	0.19998199482432782	0.2004076744425303	0.19899206358667085
0.20312307311663494	0.19873752006443435	0.2004619928679633	0.1994811665449529	0.1981962474060143
0.19985395099891123	0.20077497966868615	0.19940958290003477	0.19996330673021429	0.19999817970215333
0.20016577767987775	0.19965158465760016	0.20013927826093209	0.20001048180856848	0.2000328775930213
0.20051991912161482	0.199223552422685	0.19972098817662412	0.20045820626169075	0.2000773340173851
0.2002149065138835	0.20202612949743962	0.19999900178829427	0.19941482675950822	0.19834513544087418
0.20305460055542926	0.19881754975672722	0.199796284688616	0.19949835913108682	0.1988332058681405
0.2019747883807268	0.19886984721406933	0.19946075759507131	0.20024220604881215	0.19945240076132018
0.20029447582844367	0.19928603754895985	0.20000388873708425	0.20043187975842044	0.19998371812709154
0.2022738515434865	0.19903697476106355	0.19920033515934	0.19996869489116625	0.19952014364494344
0.19983541585848702	0.20090853106701423	0.20016860380108106	0.2005888675392864	0.1984985817341311
0.19964836438076083	0.199175668182566	0.20036153212546642	0.2008825098427716	0.19993192546843494
0.20036433489511293	0.19893627329232674	0.20029360788368591	0.20032748911852155	0.20007829481035266
0.20002542248843902	0.19933455097545535	0.20022588628232282	0.20040208224875306	0.20001205800502955
0.202903660072378	0.19818283853982166	0.19995437680754224	0.20033435337464564	0.1986247712056122
0.19963726843472793	0.20033733501043477	0.19976544253755255	0.2002459738695677	0.20001398014771682
0.20080386824301094	0.2007122318960848	0.19946520758791184	0.1999003666650114	0.19911832560798076
0.20180160904030098	0.20030074188238872	0.19959091110193572	0.1997579956597957	0.19854874231557865
0.20061151926528345	0.20071711873631867	0.2006170532678629	0.19960561901512835	0.19844868971540638
0.2018456769143443	0.20089728189171424	0.1991567535461082	0.1998100422014007	0.1982902454464323
0.20190569199647862	0.1991789050474977	0.19930876106641734	0.2003123068072178	0.1992943350823883
0.199857552325269	0.20036798936560993	0.19979647421438793	0.20043775776439832	0.1995402263303346
0.19967014767739716	0.20115065722850223	0.19935140627005257	0.20033250644762376	0.19949528237642408
0.20045137733881732	0.20152355894542343	0.19965227509473854	0.19961295048212033	0.1987598381389002
0.2026119925945205	0.19976192941214047	0.19919827397151757	0.19985469527439473	0.1985731087474265
0.2009056967752938	0.19957060129676277	0.19987260429107992	0.2006701050630324	0.19898099257383092
0.20011509013029058	0.19944031002425547	0.1997813633522267	0.20069055610576908	0.19997268038745797
0.20193553460854582	0.1996071756641914	0.19960984652306593	0.20012074591671125	0.19872669728748538
0.20106014558898766	0.199991699268161	0.1998557148493221	0.20085113651338835	0.19824130378014068
0.1999016716375087	0.2004699027355965	0.20002413729549454	0.19947463303208163	0.20012965529931845
0.20071861024315296	0.20000383444388178	0.2005859132741863	0.19992356691394883	0.1987680751248299
0.20117498145944254	0.1996279714799373	0.20053700201945074	0.19987293443052304	0.19878711061064616
0.19946779724914332	0.2000615566913148	0.19946445832270623	0.2007832508760107	0.2002229368608247
0.20316559925356797	0.19922825420158854	0.19925564700092321	0.1999279111127426	0.19842258843117744
0.20246841263452578	0.19946636144600197	0.1991499794212244	0.2003862714453126	0.19852897505293504
0.20317697625828413	0.1982705918449326	0.19996878410938776	0.20029113084366673	0.19829251694372857
0.20127493881818162	0.2005957117757653	0.19973291424428508	0.20016831856232106	0.19822811659944672
0.20301111365813385	0.19920824034624043	0.1992821973864284	0.19947560739140574	0.19902284121779137
0.20361151129641758	0.1982736790439208	0.1993463549791269	0.1999708598633013	0.19879759481723325
0.19948902278996566	0.20120001105475488	0.20033033003263828	0.19942853404475464	0.1995521020778863
0.20119806394598008	0.20124992030325717	0.19929434841539478	0.1994216288646395	0.19883603847072825
0.19985195222233842	0.2012329047130462	0.1999112602753103	0.19999712769154607	0.19900675509775878
0.19998101150344616	0.19963396926712892	0.20035798526766743	0.19995951200835899	0.2000675219533983
0.2020637568981343	0.19978946045973928	0.20024932218380714	0.19939232671353083	0.1985051337447882
0.201647174713798	0.19881197787586088	0.20004768760876568	0.20015002088382827	0.19934313891774696
0.200078403063417	0.19968261978771035	0.2006798786889335	0.19965798522267067	0.19990111323726828
0.2006771271275177	0.20110993329944796	0.1993534832078634	0.19945202486480107	0.1994074315003697
0.2018805806806103	0.1986025958447487	0.1997082514060357	0.20022771618498283	0.19958085588362223
0.20128358026896512	0.20088615989132422	0.19928518349145743	0.19986481219855465	0.19868026414969836
0.19936163823713343	0.20034142863204962	0.19960893723331796	0.20065715153142244	0.20003084436607632
0.20138864989620622	0.2012463285659283	0.19926297246054087	0.1997333342300743	0.19836871484725008
0.20308233536366746	0.1983859781293556	0.1993694386758788	0.20056020988334208	0.19860203794775583
0.20160446501283377	0.19987301055008352	0.19966717150496205	0.20052971707635073	0.19832563585576973
0.19990710586299118	0.19893778659476308	0.20073309806052714	0.2002656875977828	0.2001563218839356
0.19996962841996127	0.2017792116490235	0.19944041668656468	0.19978113443161188	0.19902960881283846
0.20126777902208273	0.19877740751945847	0.20022566558011345	0.19999946813569858	0.19972967974264655
0.20012659264285917	0.19982640863052248	0.19989201611660182	0.20006494428919902	0.2000900383208173
0.2011795458454218	0.19880762735545987	0.2007818446554934	0.20013265945275555	0.19909832269086916
0.1997343134199776	0.20066679896753892	0.2001087490373161	0.19944215266029988	0.20004798591486728
0.20020055240955717	0.2006511048299196	0.20027303115736972	0.19949789135219453	0.19937742025095875
0.19957891966876873	0.201502715788477	0.19993750288884435	0.19951111105800373	0.19946975059590594
0.2021751112286957	0.19930032030805703	0.19995609385085936	0.19941659622210292	0.19915187839028475
0.20269615886671394	0.19837037637212404	0.1996705929834119	0.19965227887575288	0.199610592901997
0.1993371414397524	0.20056625048068316	0.2006119631580915	0.19980624705136163	0.1996783978701111
0.19958956702937256	0.2006832766614869	0.20026294515524906	0.2007292407523628	0.19873497040152846
0.2012136997082926	0.2006870039328128	0.19957535945385232	0.1997223889397011	0.19880154796534094
0.201694822297513	0.19985487124783155	0.1998792092093841	0.19953167154072673	0.1990394257045444
0.2027304916672643	0.1989426683414172	0.20020690582191122	0.19974602656168916	0.19837390760771792
0.20176490843129843	0.19946683762098727	0.2006819064662282	0.19984990870161243	0.1982364387798735
0.19979674974797096	0.201171966895573	0.19951922372555397	0.19995104831675395	0.19956101131414786
0.2009053062433823	0.19859496986673802	0.20025584561363316	0.2002432346923403	0.20000064358390598
0.2009437220944467	0.1990644365738879	0.20068349589073506	0.20002272051484118	0.19928562492608895
0.1999650346105045	0.20139915325124647	0.19944025315934702	0.20054043080861578	0.198655128170286
0.20234891081637613	0.1997474912156222	0.19966074474859136	0.1995682023015066	0.1986746509179035
0.19953559874893553	0.20062694285023314	0.20010416803186884	0.20025815510724287	0.1994751352617194
0.1995497882964506	0.20037440363315934	0.2005663037784533	0.19956699286026025	0.19994251143167632
0.20154508868062768	0.19894886785204557	0.19940142753030385	0.2001237464376061	0.19998086949941657
0.1995927287750097	0.20010455436173535	0.20018564225184252	0.2006693644654037	0.19944771014600854
0.20245767186429126	0.19870049874227738	0.19977868958324999	0.2005954591597836	0.19846768065039755
0.20185151562558176	0.19844054675533848	0.20015178794346297	0.2003002256720339	0.19925592400358266
0.20034856922289712	0.20183253209711477	0.19945493065351746	0.19995865250041664	0.1984053155260538
0.20163746106382693	0.2003152407453938	0.19936735736594363	0.19951849738234795	0.19916144344248748
0.2018314241852191	0.20048703410097238	0.19917644041666166	0.20000926656215318	0.19849583473499346
0.20029032291111795	0.2002749844211442	0.20075364408411858	0.19972294750987732	0.19895810107374173
0.2026253893049478	0.19842340829005858	0.19970533024360124	0.200609904980011	0.19863596718138118
0.20145719105291188	0.20094075435851122	0.1994042518860351	0.19972273090359607	0.1984750717989455
0.20272166444896245	0.19903646222620824	0.1992447501665338	0.20032049194727372	0.19867663121102158
0.20166687974857722	0.199232921681007	0.199577624691823	0.20049204338961824	0.19903053048897432
0.19981618945202187	0.2013832699540467	0.20002214388294487	0.19949533656577353	0.1992830601452128
0.2005224390390433	0.19921769642325637	0.19951216023185717	0.20073261786052632	0.2000150864453166
0.20386252406979394	0.19885281407338626	0.19940977818741654	0.19958425193875176	0.19829063173065126
0.20160885819586363	0.19837965515005596	0.1996354581525326	0.20079002247460753	0.19958600602694002
0.20248293598698391	0.19820156741331968	0.1996442784357569	0.20025223812318171	0.19941898004075756
0.2000701602674448	0.19983609788058354	0.2004225716597688	0.2004560511047648	0.19921511908743783
0.20148834982058306	0.19827525291074433	0.20038253272678663	0.2005978497106623	0.19925601483122346
0.20101322654161843	0.19898441814604065	0.2008389888052601	0.199908043333235	0.1992553231738456
0.20114406952580072	0.2005494235286636	0.19958790052031797	0.19965318897986853	0.19906541744534897
0.19940354967540505	0.20115127395455426	0.2002680442005411	0.19981057635406982	0.19936655581542953
0.20111837309922823	0.20002800934304651	0.2001670735074171	0.199996799476273	0.19868974457403496
0.20023518145786814	0.2009927652682719	0.19972301751980406	0.1996956659204921	0.19935336983356358
0.19966190169505627	0.20141886148965654	0.19927714052791365	0.19984887828645487	0.19979321800091845
0.20128178488219556	0.19866460860812823	0.20009342457467447	0.19977514898966606	0.2001850329453355
0.20025541530327284	0.200536926123759	0.19922325566205715	0.20029588647209734	0.1996885164388134
0.20183143064175788	0.198552996701556	0.20008518263832586	0.19965710759811023	0.19987328242024982
0.2004693186317989	0.20015908054046871	0.1998331319479408	0.19989840048736957	0.19964006839242182
0.2019778209657161	0.199494560726758	0.1997093747504191	0.19984278119277646	0.1989754623643301
0.19963517617097845	0.20058547875707583	0.199296396038622	0.20070036483819437	0.1997825841951291
0.20348234662977832	0.19849008965497203	0.19924119227737722	0.200023142999916	0.1987632284379562
0.19950156595985172	0.20152495965361886	0.20015450932881693	0.2002489367368977	0.19857002832081458
0.19975997187890737	0.20051588629680608	0.20049673464851375	0.20072029570402058	0.19850711147175196
0.20094845594866417	0.19988947582473007	0.20010302967558458	0.2002615771355334	0.19879746141548757
0.20010638027789873	0.2000109607906646	0.20071713827605328	0.20003743019272702	0.19912809046265614
0.20098439650747094	0.19958361607993266	0.20069095961741054	0.20053504784930498	0.19820597994588066
0.20133191203820552	0.1982789993685922	0.19975676726922326	0.20070335996941996	0.19992896135455884
0.20058561267757452	0.19942838440465113	0.20000142866925172	0.20059159556746747	0.19939297868105493
0.2010559986514511	0.2003545085174131	0.1993027200275822	0.20039496785374533	0.19889180494980804
0.20111693452333812	0.19938734760785912	0.19929426770655254	0.19999440051561615	0.20020704964663386
0.19932292602950522	0.2019669237700921	0.1991772197465337	0.20030898873313674	0.19922394172073202
0.20117754586315503	0.19836605831425083	0.20016248152879715	0.20011400344438615	0.2001799108494106
0.2005946016222673	0.19898327995743098	0.20037005479178116	0.20077706660772465	0.1992749970207957
0.20284952672332227	0.19870571738723858	0.19919276729329619	0.19987197780577112	0.19938001079037163
0.2006562851289398	0.19965881522122844	0.19925420775695804	0.20044106935839653	0.19998962253447697
0.2008606202446506	0.2009515973447879	0.19981702061771417	0.19958684811624589	0.19878391367660123
0.2006082094472693	0.20111210888998485	0.19988940258812468	0.19951558036989733	0.19887469870472363
0.2008474080697655	0.19901389111273093	0.20031967097861397	0.20069832504094637	0.19912070479794297
0.19956415085940246	0.20128785055443688	0.19927915425010112	0.20057622341105458	0.19929262092500474
0.20136723025742317	0.1995235475959495	0.20047077859886392	0.19990286518030687	0.1987355783674563
0.20139776421794575	0.1994914045365181	0.20018340351954253	0.2005688525705957	0.1983585751553977
0.202089637876189	0.198483063571705	0.19982955609605632	0.19978916437798097	0.19980857807806848
0.2027979831714092	0.19985607172988198	0.19954695881546847	0.19953523612950672	0.1982637501537334
0.19940224712106036	0.20125921398041632	0.20050379208189784	0.1994982262523981	0.19933652056422713
0.20157199972955378	0.20082731677983484	0.1998977550996643	0.1994171524726301	0.1982857759183168
0.20008405162102053	0.2005618178935936	0.200164095527519	0.20068025813794285	0.19850977681992382
0.19975690204883711	0.20031301079878427	0.20062202749490635	0.20034849688450382	0.19895956277296822
0.20235647262339235	0.19831439564498884	0.2000420395469015	0.2002087632911654	0.19907832889355168
0.20243134092239254	0.19897883417797574	0.20004401473210165	0.19943267067011952	0.19911313949741033
0.20206878038237713	0.19824623907073693	0.20001554677849737	0.2006766630463555	0.19899277072203284
0.20007014639158138	0.20089658414603997	0.19996660329107857	0.19990360132150845	0.1991630648497914
0.20165599676148188	0.19865411866970079	0.20038725894256215	0.2006817275723147	0.1986208980539403
0.20294369615132593	0.1988565782158725	0.1997912280706686	0.2001053417181219	0.19830315584401087
0.20058091454932628	0.2000330041583803	0.19979281967872375	0.20050279355298933	0.19909046806058014
0.20256991870193938	0.19962002488343825	0.19934635194550013	0.19982474224834218	0.19863896222077987
0.20047736381545947	0.19998062855227464	0.19977466165530167	0.20043910843491597	0.19932823754204806
0.1997701820958202	0.200796925626431	0.19965731898860065	0.2004318028289132	0.19934377046023474
0.20203702963111766	0.1981828603753742	0.19965867907722878	0.2000589271146054	0.20006250380167373
0.19989754968317633	0.20025170353144692	0.199900400314583	0.2006477638771392	0.19930258259365433
0.2022400888716087	0.19939340868557995	0.19993160009540703	0.19947119836697572	0.1989637039804284
0.2021809613615638	0.19821033299257285	0.20045989169117273	0.20066539646816853	0.19848341748652187
0.20211783239110823	0.1988412406092405	0.19975693270371123	0.20013756307485134	0.1991464312210885
0.2020109563642645	0.19896775828074456	0.1996950242929148	0.20051515474699155	0.19881110631508436
0.2022954903204477	0.1990383820572747	0.19960705088879738	0.20015954852531637	0.19889952820816367
0.2008258081731656	0.1993840101411247	0.1995326136192328	0.20081040880102846	0.1994471592654482
0.20202295541690757	0.1997430065840097	0.19953163942951893	0.19976940884949881	0.19893298972006476
0.20117862684373702	0.2006931560524425	0.19943968780568141	0.2000331260114313	0.19865540328670753
0.2018666666952264	0.19864406296454898	0.20000523906570317	0.20003281476210263	0.19945121651241857
0.1994276767333463	0.20134690036852543	0.1995250514148208	0.19982503464904233	0.19987533683426495
0.1997989319556079	0.20000968206167782	0.2002993106278845	0.2008267620673069	0.19906531328752264
0.19964351004063974	0.2012903809104894	0.20017913682161786	0.20068349941785846	0.19820347280939432
0.20199312681196704	0.19911346327825577	0.19924876629756996	0.20007229770692894	0.1995723459052781
0.20330715550142126	0.198500382786567	0.2001508533575201	0.19968709798681125	0.1983545103676802
0.20168659966804767	0.1990417470412839	0.19992958221890933	0.20082492672714466	0.1985171443446142
0.20096792094068322	0.1992043595369859	0.20053954752253764	0.19968024340296323	0.1996079285968298
0.20068146755306487	0.19882527816263934	0.20057563801318065	0.19971257713771215	0.2002050391334028
0.20119589282935338	0.20059678297133618	0.20025778009386036	0.199565036185566	0.19838450791988385
0.20184747285943005	0.19930459197448228	0.20034088765536892	0.20019459439120674	0.1983124531195118
