0.33352854728073716	0.33295897758586374	0.3335124751333992
0.3336054099729677	0.33294529960001096	0.3334492904270214
0.3335420630977447	0.3329027544622863	0.3335551824399691
0.33362329885744285	0.33291341753005677	0.3334632836125005
0.3335215274419488	0.33296999078778544	0.3335084817702659
0.33357479926234573	0.3329472888653369	0.3334779118723174
0.33354814549139566	0.33289010625626275	0.3335617482523417
0.33362775995632893	0.3329180544651679	0.3334541855785032
0.3335440759980802	0.33287114002343204	0.3335847839784878
0.33358894137094824	0.3329668697019699	0.33344418892708194
0.333533600694943	0.3328750361636112	0.33359136314144594
0.33357058337936746	0.33296519659909724	0.3334642200215354
0.3335643380400823	0.33289266639609194	0.3335429955638259
0.33359583542391674	0.3329001582686302	0.3335040063074532
0.3335691161167063	0.3328398832617124	0.3335910006215814
0.3335148791121941	0.3329324947289806	0.33355262615882536
0.3335922692592257	0.3328101675030717	0.3335975632377028
0.3335511842042234	0.3329406132121709	0.33350820258360586
0.3335540584569131	0.3329818121617174	0.3334641293813696
0.333544116880511	0.3328518007109464	0.3336040824085427
0.3336111764749696	0.3328783837915943	0.33351043973343625
0.33355407174746526	0.3329913230473693	0.3334546052051655
0.3336210965345562	0.33293263323184896	0.33344627023359497
0.3335281189761837	0.3328728342670812	0.3335990467567352
0.33356063904106753	0.3329631476992996	0.333476213259633
0.33362627491776015	0.3328357386339548	0.33353798644828514
0.3336146676667867	0.3328244964221033	0.33356083591111013
0.3336015703283243	0.3328209596967437	0.3335774699749321
0.33355892923402014	0.3329062187710218	0.3335348519949582
0.33361662278144727	0.332894981752447	0.33348839546610587
0.3335462527499956	0.33285837056691214	0.3335953766830923
0.3335512482348914	0.3329131975617778	0.3335355542033309
0.33359203161657164	0.33296479078054886	0.3334431776028796
0.33359809880269703	0.33281924893316756	0.33358265226413547
0.3335896834204577	0.3328945100150431	0.3335158065644993
0.3335412913041444	0.3328697151535047	0.33358899354235105
0.33362353715252474	0.3328948984033715	0.3334815644441039
0.33352312406960893	0.33291509138481307	0.3335617845455781
0.3336072620120725	0.33285763013161423	0.33353510785631335
0.3335255941750352	0.33297792753784006	0.3334964782871249
0.33355150505794195	0.33288943250916725	0.3335590624328909
0.33353869076217535	0.3328447529159196	0.3336165563219051
0.33356742827180713	0.33294826121973264	0.3334843105084603
0.33357899030131327	0.33288176924277574	0.3335392404559111
0.3335526654677517	0.3329529864433052	0.33349434808894324
0.3336182308128069	0.33288313392470487	0.33349863526248835
0.3335187267024559	0.33297360827762124	0.33350766501992296
0.3336269526759311	0.3328980838463156	0.3334749634777534
0.33356787258219917	0.33284166509547886	0.3335904623223221
0.3335850042353038	0.33285654548878324	0.33355845027591313
0.33356830532782267	0.3328549397605464	0.333576754911631
0.33360837402416493	0.3329272325843959	0.3334643933914393
0.33353966566799437	0.33297093411112616	0.33348940022087964
0.33355208607073356	0.3328396116148979	0.33360830231436867
0.3335393649543186	0.3328939277022541	0.3335667073434274
0.33361103794911906	0.33285216272338924	0.3335367993274918
0.333559736079706	0.33291110148586406	0.33352916243443004
0.3335934238833314	0.33293908289497937	0.33346749322168934
0.3335165096460562	0.3329662094865397	0.3335172808674042
0.333608530883014	0.3329442346467046	0.3334472344702815
0.3335190078791071	0.33294792447347515	0.33353306764741786
0.3335962795185255	0.33294355101800405	0.33346016946347057
0.3335303767217885	0.33294259546030736	0.3335270278179043
0.33358717624632883	0.33296859057035305	0.33344423318331823
0.33353552718639423	0.33289468911512954	0.33356978369847634
0.3336140694381779	0.3329100671643559	0.3334758633974663
0.3335701052654108	0.33282085355225005	0.33360904118233925
0.3335752788631793	0.3329699513885306	0.3334547697482903
0.3335872535202407	0.3328086325432017	0.3336041139365577
0.33354841737909613	0.3329754821668364	0.3334761004540675
0.33361639981375973	0.33285919747148573	0.33352440271475464
0.3335979759496211	0.33291569739173904	0.3334863266586399
0.33357728288244615	0.3329538984707819	0.3334688186467721
0.3336205833081783	0.33284206588229326	0.33353735080952857
0.33357867223956944	0.33283966034228624	0.33358166741814443
0.3335598177346509	0.33292152868275926	0.33351865358259
0.33356783308765364	0.3328176899713814	0.3336144769409651
0.3335663978281259	0.33292336177363063	0.3335102403982436
0.33359391735286625	0.3329386535389699	0.33346742910816396
0.3335781629040939	0.33288270122452956	0.3335391358713766
0.33351387779712977	0.3329840620711072	0.33350206013176315
0.3336320274231224	0.33282424000943417	0.33354373256744346
0.33356312326064846	0.3328576602825952	0.3335792164567564
0.33357475683288784	0.3329321507636931	0.3334930924034192
0.3335443574569557	0.3329094617351164	0.333546180807928
0.33355548655406525	0.3328385546676542	0.33360595877828064
0.33357641931703447	0.33288747853973266	0.333536102143233
0.33356898055877165	0.3329178369058809	0.33351318253534756
0.33352820141020184	0.33289514609443593	0.33357665249536234
0.33353641324742034	0.332885023967336	0.3335785627852438
0.33356103985298324	0.33292097726182757	0.33351798288518925
0.333531917492668	0.33291679001157504	0.3335512924957571
0.3335419248136524	0.3329209976653493	0.33353707752099837
0.33354338869359607	0.3328993677701711	0.33355724353623295
0.3335146724133779	0.3329470251632296	0.33353830242339266
0.3335364567933036	0.33288916010335934	0.33357438310333715
0.333562803329392	0.33289908142203234	0.33353811524857574
0.3335524293502805	0.33284185737206157	0.33360571327765803
0.33363119746583586	0.3329029685437719	0.3334658339903923
0.33355447592859133	0.3329465532846149	0.33349897078679386
0.33352089337201724	0.33293434530930577	0.3335447613186771
0.3335411095570632	0.33295932304988324	0.3334995673930537
0.33357949125933944	0.33283069853325237	0.3335898102074083
0.3336236849589317	0.3329038886878008	0.3334724263532676
0.33353395639354533	0.33291069739160056	0.3335553462148543
0.33361272474658704	0.3328064884851414	0.3335807867682717
0.3335541761158023	0.33298561346366584	0.333460210420532
0.33353899810840226	0.3329009139294767	0.3335600879621212
0.3336137826067321	0.33286728562972157	0.33351893176354647
0.3335786017048886	0.3328278640997618	0.3335935341953497
0.3336081076572509	0.33286122834890935	0.3335306639938398
0.3335548062129076	0.3328450587117924	0.3336001350753001
0.33359244300267815	0.3329350233720379	0.33347253362528406
0.3335529662194231	0.332939533934126	0.33350749984645106
0.33358856991864766	0.33284882387457804	0.3335626062067744
0.33359419361320386	0.33288427725802044	0.33352152912877575
0.33351395513820725	0.33299065200252204	0.3334953928592708
0.33359343554452114	0.33294090674664417	0.3334656577088348
0.33354712094860567	0.33296598247787296	0.3334868965735215
0.33354501093917177	0.3328481712623543	0.33360681779847406
0.33353885901918257	0.33289718974699944	0.3335639512338181
0.3335577608608464	0.3328467083280878	0.3335955308110659
0.33356314695119677	0.33294312114874564	0.3334937319000577
0.3336021647015054	0.33295039959533757	0.33344743570315716
0.33355110853931536	0.3329339285029581	0.33351496295772665
0.33358144148886804	0.3328543300220602	0.3335642284890718
0.33359791105057124	0.33282853622179337	0.3335735527276355
0.3336071119968103	0.33290541234100357	0.33348747566218623
0.3335993213388927	0.3328412039844311	0.3335594746766763
0.33353070339636526	0.33291791955137806	0.33355137705225674
0.3335748147420522	0.3329725612450889	0.3334526240128591
0.3335331358528923	0.3329166130141954	0.3335502511329125
0.33356535804940995	0.3329752615599384	0.33345938039065176
0.3335983462485253	0.332877768068719	0.3335238856827558
0.33351750779321143	0.3328750314160048	0.3336074607907839
0.33354236972727713	0.3329494018366614	0.33350822843606165
0.3336318619936565	0.33285948533030224	0.33350865267604135
0.33354082532773544	0.33286795360575433	0.33359122106651035
0.3335459537541927	0.33295538151110354	0.33349866473470385
0.33357849660193567	0.33293715153056624	0.33348435186749814
0.333542637498951	0.33298245681168515	0.33347490568936394
0.3335562902451045	0.3329017266013742	0.3335419831535214
0.33357222392588376	0.332842504570216	0.3335852715039003
0.33363219957004	0.33282004181579644	0.3335477586141637
0.3335531269859477	0.33290966548066403	0.3335372075333884
0.3336198379659806	0.3328639947760525	0.333516167257967
0.33355944087531275	0.3328831519758359	0.33355740714885146
0.33360130316486064	0.33291816456190143	0.333480532273238
0.33359676032805047	0.3328242360856283	0.3335790035863213
0.33357453915499935	0.3328935133461829	0.3335319474988178
0.3335647686343992	0.3328653975457956	0.3335698338198053
0.3335545101809162	0.3328711190846074	0.3335743707344765
0.3335203201585505	0.3328907150202956	0.33358896482115397
0.33352812625296036	0.3329785470868015	0.33349332666023823
0.33359522135535175	0.3328842555030884	0.33352052314155994
0.33363199097843393	0.3328466590436406	0.3335213499779256
0.3335489567994048	0.3328538436074369	0.3335971995931584
0.33363198619004397	0.33288128930418154	0.3334867245057746
0.33362690819058755	0.33283157852888673	0.33354151328052584
0.33357899753179293	0.3328200168475212	0.3336009856206859
0.33359787906233124	0.33282105507178356	0.3335810658658853
0.333578667324286	0.33283327891924175	0.3335880537564724
0.33355713752647326	0.33290108620491904	0.33354177626860776
0.3335356212308122	0.332884941338734	0.33357943743045393
0.33358310097808846	0.33280563150917125	0.3336112675127404
0.33356035299464976	0.33283504919762175	0.3336045978077286
0.3335799312356631	0.33293084948706636	0.33348921927727065
0.3335849585994218	0.3328071625096659	0.3336078788909124
0.3335402443902775	0.33297558926423826	0.33348416634548433
0.3335962327673175	0.33284614532223017	0.33355762191045246
0.33360223347498347	0.3328385880683283	0.33355917845668837
0.3336054228594744	0.33293078208931126	0.33346379505121443
0.3335793510108556	0.332954934694142	0.33346571429500255
0.33357996655042554	0.3328936515784651	0.3335263818711094
0.3335183911810988	0.3329395608834629	0.33354204793543846
0.3335757255712165	0.3328709063300136	0.33355336809877
0.3336203471173046	0.3329215998798737	0.3334580530028218
0.3335525297124899	0.33284977870476334	0.33359769158274694
0.3336012823779511	0.33280201622856864	0.33359670139348035
0.33358030462919647	0.33281310088590177	0.33360659448490193
0.33353775767151417	0.3329224172691648	0.33353982505932106
0.3335239279248826	0.33295074458734436	0.33352532748777314
0.3335602774159885	0.3329918138484061	0.33344790873560554
0.3335523966116896	0.3328629836546156	0.33358461973369485
0.3336138885210053	0.3328819948279047	0.3335041166510901
0.33354419889531045	0.3329406562697253	0.33351514483496436
0.3335775702111677	0.33280771757692773	0.3336147122119047
0.33358908709573787	0.33292511843398587	0.33348579447027643
0.3336326577509019	0.3328196249728488	0.33354771727624943
0.3335697864473004	0.3329714771966179	0.3334587363560818
0.33358178844414094	0.3329321846722106	0.3334860268836486
0.33360858403636495	0.3328451928220949	0.33354622314154025
0.33352582551744486	0.33287827400990877	0.3335959004726465
0.33358300687614767	0.33297375193480383	0.33344324118904856
0.33353778035546294	0.3329644292405372	0.33349779040399996
0.33356369748317094	0.33282544438115497	0.3336108581356742
0.3335988492727543	0.3328857523061089	0.3335153984211369
0.3335628864456299	0.3328528432851074	0.33358427026926285
0.33353099622188664	0.3329632475755549	0.3335057562025586
0.3335713652197927	0.3328360959947315	0.3335925387854759
0.33360280054756525	0.3329369166132394	0.3334602828391955
0.3335667256756325	0.33292914288417014	0.33350413144019747
0.333622129044641	0.3328658600817786	0.33351201087358057
0.3335744835643926	0.3329268919765686	0.3334986244590389
0.3335214178199813	0.3329004519601981	0.33357813021982075
0.33362436535936263	0.3328406568548922	0.33353497778574526
0.3335987172972141	0.33290732339323276	0.3334939593095533
0.33360372593682847	0.3329491361231379	0.3334471379400337
0.3336190118394979	0.3329121452734556	0.3334688428870467
0.33358773105178896	0.33284846611540536	0.3335638028328058
0.3336175639383955	0.3329370787923338	0.3334453572692709
0.33355503072089565	0.3328631615213639	0.33358180775774054
0.33352020900052337	0.3329503494808148	0.33352944151866193
0.33355980244331646	0.3328669037778852	0.33357329377879846
0.3335885238845565	0.3329568937786745	0.3334545823367691
0.3335676589290935	0.33291851275531875	0.33351382831558785
0.3335525567776384	0.3328681892567841	0.33357925396557764
0.33361971711608607	0.3329286284602779	0.33345165442363617
0.3335356667878284	0.332900631616365	0.3335637015958066
0.33355748045570377	0.33295503844908786	0.3334874810952085
0.33352694039455894	0.3329296765668778	0.3335433830385634
0.33358502936959555	0.33285032037725926	0.3335646502531453
0.33352451188931687	0.3328637492015205	0.33361173890916274
0.33353047267466546	0.3328653551687255	0.33360417215660915
0.3336309895183621	0.3328646918234543	0.3335043186581837
0.33357174142198	0.332895169801695	0.33353308877632515
0.333584251286165	0.3329451470903457	0.3334706016234894
0.333542692307203	0.3328545346159875	0.3336027730768096
0.3336041569929692	0.33287641621359426	0.33351942679343666
0.33352702442880616	0.33294946550512156	0.3335235100660724
0.3335679751740065	0.33288304139307506	0.33354898343291856
0.33354832292055636	0.3329324542874274	0.33351922279201635
0.3335651857434959	0.33294294867599916	0.3334918655805051
0.33354731403419563	0.33294896898522486	0.3335037169805796
0.33352913752737084	0.3328765430336569	0.3335943194389724
0.33352305841392726	0.3328729549636026	0.33360398662247026
0.33362839337419603	0.33282387275997377	0.3335477338658303
0.3335395079921874	0.3329005857475011	0.3335599062603116
0.3336122208691535	0.3328390961662735	0.33354868296457313
0.33354430570426613	0.3329676717023366	0.3334880225933974
0.33360652405987823	0.33286214574533834	0.33353133019478354
0.33357400444566954	0.3329485777685525	0.33347741778577805
0.33352084107844243	0.33298189701661635	0.33349726190494133
0.3336060058102677	0.3328998886720604	0.33349410551767195
0.33353372435221973	0.3328875455487909	0.33357873009898953
0.3335616447655568	0.33283970755506725	0.33359864767937614
0.3335604529968704	0.3329128161637447	0.33352673083938494
0.33362455674764097	0.3328450898521746	0.33353035340018455
0.33353193265669034	0.33294117619111246	0.3335268911521973
0.3335775643029296	0.33290522645437376	0.33351720924269673
0.33360286597610045	0.33287586521128437	0.3335212688126153
0.33357770517584934	0.3328458334627535	0.3335764613613973
0.3335978874267724	0.33294685799447993	0.3334552545787478
0.33356333299780483	0.3328601417676374	0.3335765252345579
0.3335261771524273	0.33293628100204836	0.33353754184552453
0.3336102471498276	0.33280572518064067	0.3335840276695318
0.3335624124745331	0.3329285210736955	0.33350906645177153
0.3335715128720427	0.3328400808555078	0.3335884062724496
0.3335575059672499	0.33299016867443276	0.3334523253583174
0.333519324476944	0.3328783469707302	0.3336023285523259
0.33362431270844567	0.3329152314363225	0.33346045585523193
0.3336215336066266	0.33282602972346625	0.3335524366699073
0.3336218684159691	0.33287155122103645	0.33350658036299463
0.33354506479601276	0.3329495820742386	0.33350535312974877
0.3335480396237778	0.3329765172894681	0.33347544308675425
0.33360633315018506	0.33289673420814825	0.3334969326416668
0.3335144462745454	0.3329734199347881	0.33351213379066663
0.33357864360147715	0.33287463127618694	0.333546725122336
0.3336228204219077	0.33293207461987806	0.33344510495821433
0.33359585652665674	0.33284846801436335	0.33355567545898
0.33357408660291077	0.3328685504229229	0.3335573629741664
0.33354969003758006	0.33286619949561547	0.3335841104668046
0.3335611274460842	0.3329231242591386	0.3335157482947773
0.33362524875709115	0.33290396679456713	0.33347078444834183
0.33359198781783156	0.3328792183137912	0.3335287938683773
0.3335352241598968	0.33291973680442044	0.3335450390356829
0.3335823761911257	0.3329142103228602	0.3335034134860142
0.33361505033546834	0.33282881138114934	0.3335561382833825
0.3336077068058952	0.33286361009456544	0.3335286830995395
0.33356463898805083	0.33294792743125146	0.33348743358069777
0.33361919978771276	0.3329143740399974	0.33346642617228994
0.333627849645535	0.3328394261948434	0.3335327241596217
0.3336162173351319	0.3328819419988262	0.333501840666042
0.33357848588971356	0.3328458920756952	0.33357562203459135
0.33355828219892714	0.3328800543073221	0.3335616634937509
0.33354650999911617	0.33284517476785713	0.3336083152330268
0.33356099837692754	0.3328465432144721	0.33359245840860047
0.33353594341898923	0.33289162569554287	0.333572430885468
0.33353112648184924	0.3328904936965665	0.3335783798215844
0.33355598006529397	0.3329469506343629	0.33349706930034323
0.33351873210390576	0.33291504628426144	0.3335662216118329
0.33353104569720565	0.33293125984212785	0.3335376944606666
0.3336163325846785	0.332856804196063	0.33352686321925856
0.3336122267238144	0.332805409523292	0.3335823637528937
0.33356835438113763	0.3328706669780531	0.33356097864080936
0.33362689399265666	0.33292724018515313	0.3334458658221904
0.33361130346339674	0.3328947927324953	0.3334939038041081
0.333570179732276	0.33298298840705975	0.33344683186066437
0.33358097245611784	0.33294792043676696	0.33347110710711525
0.33358808070243506	0.33292520229783545	0.33348671699972954
0.3335176561603574	0.33293776648218354	0.33354457735745924
0.3335827287544604	0.3329274626449296	0.33348980860061006
0.3335985383444807	0.332956471886525	0.33344498976899434
0.33360112991602114	0.33281258105042233	0.33358628903355664
0.3336273721074379	0.33286615917955537	0.3335064687130069
0.3336006638501471	0.33285251499388796	0.33354682115596507
0.33360995335957444	0.3329329240916319	0.3334571225487938
0.3336160928860095	0.3328087605264758	0.3335751465875148
0.33353843587196513	0.33294941293524255	0.3335121511927924
0.33355551125075683	0.33294533164507356	0.3334991571041697
0.333561127270411	0.3329682576646586	0.3334706150649306
0.3335587879014084	0.3329142877018242	0.33352692439676745
0.3335758880274553	0.33287791664373456	0.33354619532881025
0.333602739119149	0.332826202270845	0.33357105861000613
0.3336025738013137	0.3329298374282612	0.3334675887704252
0.3335732245947948	0.3329564111499712	0.333470364255234
0.3335613778638907	0.3328244699254592	0.33361415221065027
0.33358457733186875	0.3328223659786926	0.3335930566894388
0.33362797013418455	0.332839884832702	0.33353214503311357
0.33356693931011544	0.3329319852636825	0.33350107542620216
0.33361561486632857	0.3329187245266182	0.33346566060705335
0.3335957341170575	0.3328568968715832	0.3335473690113594
0.333585445048824	0.33293206226497185	0.3334824926862043
0.33359980701476033	0.33292428142988933	0.33347591155535045
0.33362171732323215	0.3328318327731009	0.33354644990366705
0.3335917672727998	0.3328678800036417	0.33354035272355853
0.3335274595699168	0.3329180370603103	0.333554503369773
0.3335678301945479	0.332900545752707	0.33353162405274517
0.333600649203228	0.3328921278952647	0.33350722290150747
0.3335928388810049	0.3328377563732188	0.33356940474577645
0.3335579753801942	0.3328402330507764	0.33360179156902947
0.33357779391545705	0.33294199730125446	0.3334802087832886
0.33360295694412123	0.33285007362889696	0.3335469694269819
0.3335263614278544	0.33297686441174335	0.33349677416040235
0.3335877735535713	0.33287286531224414	0.3335393611341847
0.3335680848055722	0.33283952323609484	0.33359239195833307
0.3335994505876809	0.3329343443602635	0.3334662050520557
0.33363053474174326	0.3328792709810165	0.33349019427724036
0.3335245859371028	0.3329533419963856	0.3335220720665117
0.3336087114636882	0.33293698209392864	0.3334543064423833
0.33354953617855715	0.3328533412023654	0.3335971226190776
0.33358707433075546	0.3328257096953583	0.33358721597388635
0.33355488705518455	0.33284800432423844	0.3335971086205771
0.3335428995403918	0.33296734959719215	0.33348975086241617
0.33352537127841336	0.33292742303749573	0.333547205684091
0.33357329755316883	0.33286588336549056	0.3335608190813407
0.33359635791102227	0.3329448732888776	0.3334587688001002
0.33360129085573564	0.3328167550054748	0.33358195413878966
0.33356548979266937	0.3328985865685533	0.33353592363877743
0.3335535202576682	0.3329250669292958	0.3335214128130361
0.3335256372944873	0.3329757292619311	0.3334986334435817
0.3335686244704226	0.33297971297380674	0.33345166255577074
0.3335411922599773	0.332943553663001	0.3335152540770218
0.3335216892973746	0.3328712987707194	0.3336070119319061
0.33363313892401875	0.33292295651216197	0.3334439045638194
0.33356361544665675	0.3328830815289971	0.33355330302434627
0.33363283165303725	0.3328541458211255	0.3335130225258374
0.333624089033483	0.3329019354497029	0.3334739755168141
0.3335233333594317	0.3329216704379018	0.33355499620266665
0.3336092041268369	0.3328411613532682	0.333549634519895
0.3336312329028358	0.3329066871160142	0.33346207998115013
0.3335491647590209	0.33295435916312005	0.3334964760778591
0.33354802654572385	0.332947465119392	0.33350450833488426
0.3335989787239337	0.3329100067160477	0.33349101456001873
0.33355798784136825	0.3328627456610668	0.3335792664975651
0.3335801921308635	0.332868288009851	0.3335515198592856
0.3335172343682719	0.3329141510110557	0.3335686146206725
0.3335312215644125	0.33292154043869177	0.33354723799689584
0.33356233524432866	0.3328548597831916	0.33358280497247983
0.33357900223059994	0.33281116462764526	0.3336098331417549
0.3335877894990124	0.33282088084291134	0.33359132965807636
0.3336029195845469	0.33281914495927617	0.33357793545617703
0.33352453881056676	0.33290293594335474	0.3335725252460786
0.3335551138570364	0.3328966135139151	0.3335482726290486
0.3335478518318561	0.33293163366948564	0.33352051449865844
0.3335859090430525	0.33281265158749995	0.3336014393694476
0.3335933377776066	0.33284091331700144	0.3335657489053921
0.3335455193235796	0.3328511722068153	0.3336033084696052
0.3335990565038209	0.3328480800915413	0.33355286340463786
0.3336140661373506	0.33283957727378427	0.3335463565888652
0.33357932471800666	0.3329356008053813	0.33348507447661213
0.33358480867730234	0.3328825861659407	0.3335326051567571
0.3335507242125111	0.3329424648405606	0.3335068109469284
0.33352487390440166	0.33292692406481644	0.333548202030782
0.3336162569028027	0.33289703476967647	0.333486708327521
0.33359070317670875	0.3329578717004384	0.333451425122853
0.33353566119102535	0.33284797089812235	0.3336163679108524
0.33360504914684974	0.33282185435244194	0.3335730965007084
0.3335308160929037	0.3329387535919424	0.333530430315154
0.3335878008676604	0.33292427401095326	0.3334879251213865
0.3335721537692077	0.33285537709398183	0.3335724691368106
0.33356872000434107	0.3328255564027782	0.3336057235928808
0.3335778206320258	0.33285445082197823	0.3335677285459961
0.3335433479434779	0.33292343778378797	0.33353321427273425
0.33358801904183105	0.3329130758186599	0.33349890513950914
0.3335265371944988	0.3328807694861739	0.3335926933193274
0.33357370728436303	0.332934659185894	0.3334916335297431
0.3335172866473173	0.33294146427434296	0.3335412490783399
0.333547732777829	0.33288843100370785	0.3335638362184633
0.33358549576780405	0.33296458222110537	0.3334499220110907
0.3335928440106514	0.3328537170819682	0.3335534389073805
0.333618623871043	0.3328226410888836	0.3335587350400735
0.3335480205409835	0.33291974811136166	0.333532231347655
0.3335861892687849	0.3329232294301929	0.3334905813010223
0.33362123056337584	0.33292460885015274	0.3334541605864715
0.33362859292771624	0.3328230535684071	0.3335483535038768
0.3335230900281129	0.33293708937319827	0.3335398205986889
0.3335748693582031	0.3329051354019959	0.33351999523980114
0.33353183516409046	0.33290287087303216	0.3335652939628775
0.33355495462377643	0.3329726801463782	0.33347236522984547
0.33355655000205603	0.33289689753909685	0.33354655245884723
0.3335378443084391	0.33284967307658253	0.33361248261497845
0.3335586039352702	0.3329707366258935	0.33347065943883647
0.3336217676693315	0.3328623198694804	0.3335159124611882
0.33354761629170615	0.33285508903254174	0.3335972946757522
0.3335723296329622	0.332868539467171	0.33355913089986694
0.33354875191227223	0.33295242427190036	0.33349882381582757
0.33356857873947615	0.33295356473465704	0.3334778565258669
0.33363109890921555	0.3328613144708465	0.3335075866199381
0.33356515505049544	0.33286676813290395	0.3335680768166008
0.3335841851124358	0.3328364428097382	0.3335793720778261
0.3335461864486255	0.33289699692045976	0.3335568166309149
0.3335856875774827	0.33284395021353447	0.33357036220898295
0.33362512551199913	0.33281512426184556	0.3335597502261554
0.3335183906829339	0.33288607479835103	0.33359553451871526
0.3335525132194789	0.33295174032078273	0.3334957464597385
0.3335222795506265	0.3329858532164268	0.33349186723294677
0.3335688403422913	0.3328909542381646	0.3335402054195442
0.3335735968820712	0.3328804141758043	0.3335459889421246
0.3335264803116656	0.3329109524582255	0.333562567230109
0.33355468555385775	0.33285613426029104	0.3335891801858514
0.33357052957905364	0.3329623862616461	0.3334670841593004
0.3335890813615866	0.3328345748836832	0.3335763437547303
0.333600340529558	0.33286448494225884	0.33353517452818326
0.3336142692169454	0.3328357821338018	0.3335499486492528
0.3335480445338094	0.3329714043978347	0.33348055106835606
0.33361540638137105	0.33283730158603114	0.3335472920325979
0.33354379613566365	0.3329301269503149	0.3335260769140216
0.33353141074329457	0.3328569262626685	0.33361166299403705
0.3335629013224674	0.3329674832888744	0.3334696153886584
0.33354724014381754	0.3328500203360423	0.3336027395201403
0.33354599635673965	0.3329418332684618	0.3335121703747987
0.33356069073677524	0.3328653413667212	0.3335739678965036
0.33352679271617697	0.3329290005353886	0.3335442067484345
0.333565032960542	0.33297516945450617	0.3334597975849519
0.33356554266349986	0.33284209027502043	0.33359236706147977
0.33353993694831163	0.3328539797395083	0.33360608331218017
0.3335667836138611	0.332955722289527	0.333477494096612
0.33358615191831137	0.3328595943685993	0.33355425371308944
0.3335351155639197	0.33293678190871484	0.3335281025273656
0.3335758936149576	0.33297247612691216	0.33345163025813035
0.33356988363961565	0.3328554580375643	0.3335746583228202
0.33357680763313696	0.3328902043428608	0.33353298802400233
0.3336147718964526	0.3328420822874944	0.3335431458160531
0.3335423803221953	0.33289884912366813	0.33355877055413674
0.333545958428159	0.3329325769141913	0.3335214646576498
0.3335661886627782	0.33290252362895445	0.33353128770826745
0.33358758121307824	0.33292050857133604	0.33349191021558583
0.3336274559849702	0.3328580801334866	0.3335144638815433
0.33358649388594114	0.3328692579866705	0.33354424812738853
0.33356737543928594	0.33283198808421205	0.3336006364765021
0.3336314548244197	0.33284042958148874	0.3335281155940917
0.3335582732741439	0.3328704740243755	0.33357125270148075
0.3336130308727042	0.33281500712739964	0.33357196199989625
0.3335496292369519	0.33289000186181555	0.33356036890123264
0.33361262103440653	0.33290679427233527	0.3334805846932583
0.33358667827142335	0.3329469099549895	0.33346641177358727
0.3335977139905792	0.3329114848493468	0.33349080116007407
0.3336076138932967	0.33293611170035764	0.3334562744063458
0.3335373551847834	0.3328474825248276	0.3336151622903891
0.3335258627222551	0.3328729242875735	0.33360121299017154
0.3335857847243388	0.3329289150422513	0.33348530023341
0.33355781124739065	0.33283032106800986	0.3336118676845996
0.33355959346013736	0.33295215865747574	0.33348824788238696
0.33353877517174757	0.332851073156479	0.33361015167177355
0.33357347180221736	0.3329566804053658	0.3334698477924169
0.33362909514365185	0.3328661292044215	0.33350477565192677
0.333629152595698	0.3329101094257416	0.3334607379785605
0.3335231724499521	0.33295701269047523	0.3335198148595728
0.33361522679663735	0.33294091204662346	0.3334438611567393
0.3336325409112317	0.33285883058572974	0.3335086285030387
0.3335225083218187	0.3328671807532902	0.33361031092489124
0.3335851100589289	0.33291633734068093	0.3334985526003903
0.3335635743302576	0.33298407667538393	0.3334523489943586
0.33352776684404106	0.3329080199117093	0.3335642132442498
0.33353237083457693	0.3328544351902665	0.3336131939751567
0.33359984666380316	0.33291974792125684	0.3334804054149401
0.3335215119720288	0.3329885334230796	0.3334899546048917
0.33359324855974115	0.33289275585757566	0.3335139955826833
0.3335178743028678	0.33290621798241626	0.33357590771471607
0.33362369818455	0.33291729203671366	0.33345900977873644
0.3335684643038597	0.3329018374873014	0.333529698208839
0.33355908146814883	0.33294013888594787	0.3335007796459034
0.33357422025436106	0.3329430419155876	0.3334827378300514
0.3335624417326615	0.33295343418989803	0.3334841240774406
0.3335663972143204	0.3328751443163512	0.3335584584693285
0.33354535801218405	0.3329519032197085	0.33350273876810754
0.3336136734096212	0.3329203808063146	0.33346594578406435
0.3336030044064274	0.33290010946472876	0.333496886128844
0.33352223558476135	0.3329908575862353	0.33348690682900345
0.33359321211667464	0.3328803640719463	0.3335264238113792
0.3335322762182138	0.3329862096233694	0.3334815141584169
0.3336062583764381	0.33286785347919384	0.3335258881443682
0.3335199802356001	0.3329037928783409	0.33357622688605915
0.3335655039591698	0.3328697180604791	0.3335647779803512
0.3335236508282617	0.33286596100007426	0.3336103881716641
0.3335754962859852	0.33297386389425043	0.33345063981976447
0.3336105177367495	0.33293110510147034	0.3334583771617803
0.333612927398419	0.3328696946251151	0.3335173779764659
0.33359376302173777	0.33282916835233706	0.3335770686259253
0.333572798733989	0.33281366587672073	0.3336135353892904
0.3336130743720736	0.3328569138602316	0.33353001176769487
0.3336220659275882	0.3328360927802308	0.3335418412921811
0.3336039483293533	0.332818733102548	0.3335773185680988
0.3335414138613723	0.3329830750287871	0.3334755111098407
0.33356675071573505	0.33289069237948216	0.33354255690478296
0.3335675918772796	0.3328770077760091	0.33355540034671144
0.33356928260209534	0.33294861303738793	0.33348210436051684
0.33357489099026866	0.3329477875415872	0.33347732146814424
0.33360782180060533	0.3329401958255968	0.333451982373798
0.3335459408484478	0.3329211865467168	0.3335328726048355
0.3335307408436661	0.33290200382081336	0.3335672553355207
0.3336320996353452	0.3328575073197337	0.33351039304492125
0.3335853670307183	0.3329389469473132	0.33347568602196864
0.3335581678032485	0.3328647979918498	0.3335770342049018
0.33360593199000604	0.3328202498227522	0.3335738181872419
0.3336292318985225	0.3328276123278055	0.3335431557736721
0.3335742378616299	0.3328726181936882	0.33355314394468205
0.3335219583222193	0.33293952349536937	0.3335385181824114
0.333591766036698	0.3329219191432195	0.33348631482008256
0.3336027305343442	0.3329328644395682	0.3334644050260877
0.3335148820444359	0.3329180145430086	0.3335671034125555
0.3335436262611599	0.3328466865071707	0.3336096872316695
0.33360622055446115	0.33285788107288167	0.3335358983726573
0.3336163688698218	0.332850486824634	0.3335331443055443
0.3335221770212936	0.33295073372281486	0.33352708925589164
0.3336324815129858	0.33287719655073844	0.3334903219362759
0.33360038798940783	0.3329515960729554	0.3334480159376369
0.3335384967374026	0.3329191765047345	0.333542326757863
0.3336298333701612	0.33283663586681733	0.33353353076302156
0.33359636819867955	0.3329408129605403	0.3334628188407803
0.3336167663045259	0.33287640509993643	0.33350682859553776
0.3335254896805855	0.33298546290048797	0.33348904741892665
0.3335251466497182	0.33292795688836746	0.33354689646191443
0.3336042205491012	0.3329442230139962	0.3334515564369027
0.3335871353730486	0.3328286509019562	0.3335842137249953
0.3335818245371339	0.3328586265847789	0.33355954887808725
0.3336330385616872	0.33283187274278453	0.3335350886955284
0.33355023680240986	0.3328478855784812	0.33360187761910903
0.3335952469416029	0.33291705168372787	0.3334877013746693
0.33354868277264965	0.33283622840553395	0.33361508882181645
0.3336305485534388	0.3328096954822469	0.33355975596431436
0.33360615707261343	0.3328032148673726	0.3335906280600141
0.33354953659157527	0.33291494286835743	0.3335355205400674
0.33358174796422047	0.3328946943415734	0.3335235576942062
0.3335837299072446	0.3328689934676681	0.33354727662508743
0.33362006301905434	0.33288174185355696	0.33349819512738876
0.33355995106328235	0.3329606574312448	0.3334793915054729
0.33358369783051345	0.33292609964249054	0.3334902025269961
0.3335768682997085	0.3328334298343857	0.33358970186590586
0.3335917403025286	0.33291580015317934	0.3334924595442922
0.33352201856970404	0.3329258020784661	0.33355217935182996
0.33361037959684875	0.3329229137571255	0.33346670664602585
0.3335346648457264	0.33289167086489146	0.33357366428938223
0.3335150672893482	0.33295624625113446	0.33352868645951744
0.33354094882036844	0.3329402047061714	0.33351884647346025
0.3335673985186728	0.3328825656271797	0.33355003585414755
0.33358921934195884	0.3328588751971565	0.33355190546088476
0.3335775516890807	0.3329154468791051	0.3335070014318143
0.333537375280886	0.3329553781710028	0.33350724654811137
0.3335556401459945	0.33286190195015253	0.3335824579038531
0.33359537184154575	0.33286760752425837	0.333537020634196
0.33360679946433325	0.33280578536919087	0.333587415166476
0.3335280803916873	0.3328793774375527	0.33359254217076006
0.3336188926524332	0.3329282424005006	0.3334528649470663
0.3336260367825557	0.3328475455923938	0.3335264176250506
0.3335893416990572	0.3328526773088595	0.33355798099208345
0.3335189864501829	0.33289702330997517	0.333583990239842
0.3335595176219286	0.33292630168112175	0.3335141806969498
0.3336133982944	0.3328780811634135	0.33350852054218655
0.33354942065756726	0.33289854956621184	0.333552029776221
0.33353619037888643	0.3329306565043659	0.3335331531167478
0.3335563118520354	0.3329762061330838	0.3334674820148809
0.33360793445740283	0.3329476325667727	0.3334444329758246
0.3335421703649618	0.3329829236030205	0.3334749060320178
0.3335791748844524	0.33297124994970395	0.33344957516584384
0.33354326106991944	0.33287089954333904	0.33358583938674163
0.3335869022706993	0.332843211025806	0.3335698867034948
0.3335772511983807	0.3329004601099388	0.3335222886916806
0.3336025788259735	0.3328543039401632	0.3335431172338635
0.33358578038474845	0.3328379074496556	0.33357631216559613
0.3335412004733963	0.33288979452659917	0.33356900500000464
0.33362025610754953	0.3328707499730982	0.33350899391935246
0.3335141062980716	0.33295642541233367	0.33352946828959484
0.33360403525026117	0.3329179396829904	0.33347802506674856
0.3336204958447512	0.33287748229510294	0.33350202186014605
0.33361584843971587	0.3329102057216017	0.33347394583868256
0.33355980552093056	0.3329418924670887	0.33349830201198083
0.3335266963060799	0.33292787785899874	0.3335454258349215
0.3336272677041548	0.3328154183517936	0.3335573139440517
0.3335265616637205	0.33294135988372087	0.3335320784525587
0.3335488610219548	0.33287702826614657	0.33357411071189874
0.3335469661609456	0.33285949879378884	0.33359353504526573
0.333524372701068	0.33292805148227744	0.3335475758166547
0.33355431222450355	0.33289414050347543	0.33355154727202113
0.3336339429638071	0.3328174500219109	0.33354860701428213
0.3335607359361404	0.3329437021597487	0.333495561904111
0.33359403610799065	0.3329562836770452	0.33344968021496424
0.3335420883041665	0.33286777353821645	0.3335901381576172
0.3335514709905143	0.3329483943244307	0.3335001346850551
0.3336322402700955	0.33285191282346394	0.3335158469064407
0.3335665459718321	0.3329123969484375	0.33352105707973057
0.33357259376800946	0.3329499835431305	0.33347742268886016
0.3335876280041371	0.3328877001276128	0.3335246718682502
0.33357592031668115	0.33286159800154375	0.33356248168177527
0.3335634917346947	0.332955193212594	0.33348131505271145
0.3335929691585009	0.3329232662085462	0.33348376463295304
0.3336027500699778	0.33293836909738733	0.33345888083263503
0.333609332546973	0.3328298808990362	0.33356078655399085
0.3335566252509494	0.3329765033637712	0.3334668713852795
0.33361953793621796	0.33285057074204893	0.3335298913217332
0.3335669115872373	0.3329332106076712	0.3334998778050916
0.3336247264389239	0.33289080725188847	0.33348446630918777
0.3335877512637279	0.332916637994004	0.3334956107422682
0.33359970614183926	0.33281835810833615	0.3335819357498247
0.3335931517105524	0.33286496474202176	0.333541883547426
0.33356773217855495	0.332869572181221	0.33356269564022417
0.3335332318494747	0.332890678031393	0.3335760901191324
0.3336182647948514	0.33281855278484285	0.33356318242030586
0.33354289427723594	0.3329734496792251	0.33348365604353913
0.3335336632166318	0.33295314127615433	0.3335131955072139
0.33355309308349235	0.3329018198671744	0.3335450870493334
0.3335558976833144	0.3329244593619812	0.33351964295470454
0.3335594763176707	0.332930199708322	0.33351032397400737
0.3335346214022911	0.33285220746774047	0.3336131711299685
0.33355401058164885	0.3328660941587107	0.33357989525964055
0.33363239695993	0.3328756972898047	0.3334919057502654
0.3335319225361784	0.33286664740508687	0.3336014300587348
0.3336136050299071	0.33285529399820507	0.33353110097188793
0.33362122966490654	0.3328180733750716	0.333560696960022
0.3335385131390332	0.3329618933123007	0.3334995935486662
0.33360453688953184	0.33280377451874166	0.3335916885917266
0.33359649091924126	0.33286916197776834	0.3335343471029905
0.3335889038477129	0.3328653818897684	0.33354571426251883
0.33355432137579205	0.3329926372876701	0.33345304133653797
0.33359546626444786	0.33286674015025997	0.33353779358529223
0.33352257468732044	0.3328734489928181	0.33360397631986155
0.33361100266924854	0.33289883104651186	0.3334901662842397
0.33354841927709095	0.3328782722898221	0.3335733084330871
0.33358910301393957	0.33292303497269626	0.3334878620133643
0.3336127615145346	0.33290740456748147	0.333479833917984
0.33358675139676724	0.33292853618330825	0.3334847124199246
0.3335956937573783	0.33283054011906255	0.33357376612355927
0.3335503427070337	0.33295964391156396	0.33349001338140244
0.33357603270114117	0.33286651683754714	0.33355745046131186
0.3335864039643442	0.3328187972846037	0.33359479875105225
0.3335726671373126	0.3328219327657558	0.33360540009693174
0.33359585734937963	0.33293268603824805	0.33347145661237243
0.3335931261007392	0.3328205556797757	0.3335863182194852
0.33360431537285895	0.33286738448817665	0.3335283001389645
0.333580248834697	0.33291849244204413	0.333501258723259
0.33360708666174027	0.33290723488448487	0.33348567845377497
0.33360401204823964	0.33284924453965536	0.33354674341210505
0.33359051124659883	0.33286411539455524	0.33354537335884604
0.33354886709348086	0.3329689554313869	0.3334821774751324
0.33356919790519485	0.33283075241822446	0.3336000496765808
0.33353315026897057	0.33289972336243134	0.3335671263685982
0.33355683548808984	0.3329807470889646	0.3334624174229457
0.33354250239364575	0.33285056176881733	0.33360693583753703
0.33356573778295645	0.3328726547766036	0.33356160744044006
0.33362053946971704	0.3329238556958091	0.33345560483447395
0.33353399294746755	0.33291807060623296	0.33354793644629965
0.3336202372798582	0.3329349417244534	0.3334448209956885
0.3335871828976556	0.33291013243805834	0.3335026846642862
0.3335171264873959	0.3329448842114595	0.33353798930114475
0.3336266247046602	0.3329030435460808	0.33347033174925916
0.3336226556821864	0.3329095094718526	0.3334678348459611
0.33360222462957784	0.3328537671046011	0.33354400826582126
0.33356458111236337	0.3329202708199387	0.33351514806769805
0.3335918772685715	0.33289054901078	0.3335175737206486
0.3335158341470863	0.33294516161438364	0.33353900423853017
0.3335276282591705	0.3329228418454701	0.3335495298953595
0.33356853269074616	0.3329548073106561	0.3334766599985979
0.3335552433727664	0.3328542607034948	0.33359049592373896
0.33355021891177195	0.3329502622731247	0.3334995188151035
0.33359239236468863	0.33290562714518335	0.33350198049012814
0.3335995900775251	0.33295735069804683	0.33344305922442813
0.33358559740020294	0.3328703607905439	0.3335440418092533
0.3335334855002454	0.33295150899687126	0.3335150055028834
0.3335631359203687	0.33292385188260115	0.3335130121970302
0.3335287428331717	0.3328608604298597	0.33361039673696874
0.3335815027549838	0.33295142469191163	0.33346707255310465
0.3336155779815844	0.33293121166171247	0.3334532103567032
0.333600481590513	0.33294554890793415	0.333453969501553
0.3335963419734327	0.33282871483015236	0.33357494319641506
0.33358226949774333	0.33286845141886784	0.33354927908338894
0.3335814616125918	0.33296601912302587	0.33345251926438246
0.333588238613389	0.3329285935855589	0.33348316780105225
0.333574494326482	0.33289263983252587	0.33353286584099223
0.3335759062683578	0.3328576999894785	0.3335663937421638
0.3335701641248671	0.33293318959663903	0.33349664627849396
0.33357457263885526	0.33295562775078	0.3334697996103648
0.3335936669384728	0.3328653294885076	0.33354100357301975
0.3335258823003318	0.3329701821923614	0.3335039355073069
0.3335164341283157	0.3328738587050986	0.3336097071665858
0.33360983713776377	0.33283692192127357	0.3335532409409628
0.3335453284218176	0.33287178277575236	0.3335828888024302
0.3335583189734208	0.33284216880167933	0.3335995122249
0.3335495108567692	0.3328784055975262	0.3335720835457047
0.333579061333435	0.33294401036947346	0.33347692829709163
0.3335381009953738	0.332983649322138	0.33347824968248835
0.33358415328181235	0.33280336008985056	0.3336124866283372
0.3335997546790814	0.33285019709694524	0.3335500482239735
0.3335276613530911	0.3329815521577965	0.3334907864891125
0.33359669791000585	0.33284502681971423	0.33355827527028004
0.33362603071082053	0.3328512798449677	0.3335226894442119
0.33354380359793506	0.3329882620221262	0.3334679343799388
0.33351698968722465	0.3328758813951551	0.33360712891762034
0.33357738821983235	0.33293718199061484	0.333485429789553
0.3335817048277208	0.3329351854978289	0.3334831096744504
0.3336287023039479	0.3328730602493605	0.33349823744669177
0.33355473401821323	0.332874875166369	0.3335703908154179
0.33356179001740066	0.33295032646144	0.33348788352115943
0.33357725416447254	0.3328061833516789	0.3336165624838487
0.3336063232658248	0.3329260890031027	0.33346758773107255
0.3335322780558815	0.33293158699664194	0.3335361349474767
0.3336002370483745	0.33289824974793547	0.33350151320369015
0.333529746676173	0.33289255655950156	0.3335776967643255
0.33356099398196726	0.3328828980900148	0.33355610792801804
0.333581061342913	0.3328789399578943	0.3335399986991928
0.33357468804957285	0.3328466716964814	0.3335786402539458
0.33360743954151767	0.3328826040021645	0.3335099564563179
0.3335748591582593	0.3328329538015351	0.33359218704020566
0.3335399414153327	0.3329259796882985	0.3335340788963689
0.33355942483777745	0.3328492991644272	0.3335912759977955
0.3335192468436898	0.3329148351147469	0.33356591804156344
0.3335840497775468	0.33293254553986296	0.33348340468259036
0.3335628008293239	0.33298839560930216	0.3334488035613741
0.33355342319105497	0.33291312751687663	0.3335334492920685
0.33353465318814857	0.3329331184805566	0.3335322283312949
0.3335281234046562	0.3329120772386632	0.33355979935668073
0.33354284317576854	0.33295379647481027	0.3335033603494213
0.33351714365209784	0.33297019432612596	0.33351266202177626
0.3335922350032302	0.3328205429070178	0.3335872220897521
0.33356774680272705	0.3328624356452381	0.33356981755203496
0.33354885020713926	0.33289932014636503	0.3335518296464958
0.33352598361282204	0.3329199631030325	0.33355405328414556
0.3335383779602185	0.3328650333287011	0.33359658871108056
0.3335290546302228	0.33290191091115007	0.33356903445862723
0.3335148977963934	0.3328932421680822	0.33359186003552455
0.33358462365115266	0.3329122475760828	0.33350312877276467
0.3335876463843257	0.3328492885899849	0.33356306502568955
0.3336269021176492	0.33285121823180724	0.33352187965054364
0.3335960906621658	0.3328800408880635	0.33352386844977083
0.3335370420790946	0.3329833251489379	0.3334796327719676
0.3335865092604444	0.33280403150396076	0.33360945923559493
0.3335981630093007	0.33281699195738706	0.33358484503331237
0.3336142931672685	0.3328649398078045	0.3335207670249271
0.33354745657322327	0.3328628758757906	0.3335896675509863
0.33356394952811547	0.33282305107522775	0.3336129993966569
0.33363328965493655	0.33287850998741925	0.3334882003576443
0.3335792863597838	0.3329762537720597	0.33344445986815663
0.33355634442845894	0.33296430213214967	0.3334793534393915
0.3335441647212305	0.33295525806499643	0.33350057721377313
0.33359383249703284	0.3328066505762704	0.33359951692669687
0.3335464099224678	0.33291661216458035	0.33353697791295195
0.33360663734386425	0.33283293519669477	0.33356042745944114
0.3336079632309004	0.3328923709734734	0.3334996657956263
0.3335933058020663	0.33281745436896554	0.33358923982896826
0.3335452143217042	0.3328767578693689	0.33357802780892704
0.3335915725564589	0.3328406291192629	0.3335677983242784
0.3336214638864946	0.33285370273791925	0.3335248333755862
0.3335933720601528	0.33287991132170647	0.3335267166181408
0.3335704283050283	0.33296436618959857	0.33346520550537323
0.3336231153836996	0.33288729560994484	0.3334895890063556
0.33359313392648654	0.33293953037081025	0.3334673357027033
0.33352264009370797	0.33298877586572023	0.3334885840405719
0.3335867261742583	0.33286319046176166	0.33355008336398023
0.3335596891536562	0.3328854356647553	0.3335548751815886
0.33362337934133945	0.3329172728507625	0.33345934780789815
0.33360750506501174	0.33289787935909015	0.3334946155758982
0.3335199091427264	0.3329321052443831	0.3335479856128906
0.3336270731877783	0.33280318315720125	0.33356974365502057
0.3335794210713012	0.3328661793114312	0.33355439961726774
0.3336032877508796	0.3328635204335306	0.3335331918155899
0.33356645820123093	0.33282117906698183	0.33361236273178735
0.3335447913017915	0.3329877479194108	0.3334674607787978
0.3336044668029303	0.33289972981320576	0.3334958033838641
0.3335633565734007	0.33293821723785927	0.33349842618874015
0.33352867849884726	0.33287174976320405	0.3335995717379488
0.3335240435847562	0.33296067162059745	0.3335152847946465
0.3336089040631541	0.3328308740280292	0.3335602219088169
0.33357824409091474	0.33293532481431565	0.3334864310947697
0.33361378553171167	0.3328455016805774	0.333540712787711
0.33355765680729194	0.3328589787545194	0.3335833644381887
0.33361530485881924	0.3328265788888115	0.3335581162523694
0.3335545973055115	0.33288147511785626	0.33356392757663234
0.33352129948450165	0.33298099480559906	0.3334977057098994
0.33355313069898324	0.3328414166564029	0.333605452644614
0.3335582734223401	0.3329893094459917	0.3334524171316683
0.3335188428917147	0.3329742783807839	0.3335068787275015
0.3335941251840698	0.33281292949930985	0.3335929453166205
0.33355845826805086	0.33298635956960226	0.33345518216234704
0.33362145886309486	0.3329237521719306	0.33345478896497466
0.33352494556942075	0.33296688603265423	0.33350816839792513
0.33353883596257844	0.33293864591843997	0.3335225181189817
0.33355689899234914	0.3328355794439618	0.33360752156368917
0.3335956442649128	0.33287580514836546	0.3335285505867219
0.33359452760234143	0.3328543711318021	0.3335511012658566
0.3336205616558505	0.3328091289475775	0.33357030939657206
0.33358188759227353	0.33286279673811064	0.33355531566961594
0.33359277823173983	0.33292824016691386	0.3334789816013464
0.3335348965142554	0.332944637344582	0.3335204661411627
0.3335865373178565	0.3328577880734371	0.3335556746087065
0.33351812829144656	0.3328899090331008	0.33359196267545277
0.33354491938688724	0.3329787318136377	0.3334763487994752
0.33357220115922254	0.33297509346620713	0.33345270537457045
0.33362249765936625	0.33285215723471545	0.3335253451059184
0.333620584208854	0.33283340667078354	0.33354600912036264
0.3335492575819371	0.3329626629639255	0.3334880794541375
0.33362307147695647	0.3329114574674993	0.33346547105554436
0.3335776483368468	0.3328888466389792	0.3335335050241741
0.3335393547884561	0.33285031801455744	0.3336103271969866
0.33356014803026196	0.3328535911006788	0.3335862608690593
0.33354693816061987	0.3328363878287462	0.33361667401063405
0.33360013385623666	0.3328901053773125	0.33350976076645095
0.3335444334084515	0.332870449482164	0.33358511710938454
0.3335910453433806	0.33295985836721514	0.3334490962894044
0.33357142473880047	0.3328243975353294	0.33360417772587025
0.3335910808629513	0.3328778636045445	0.3335310555325043
0.33354255514930187	0.3328468104522437	0.33361063439845456
0.3336184224008798	0.3328246864866808	0.3335568911124395
0.333568405978952	0.33294166082048926	0.3334899332005589
0.33357172135476737	0.3329516419721702	0.33347663667306254
0.3336283343090263	0.33291939460452064	0.3334522710864532
0.33362351116026556	0.33284571322228496	0.3335307756174496
0.3335809004386278	0.3328401544792575	0.3335789450821148
0.3335738563909865	0.3328684757095009	0.3335576678995127
0.3335837334969001	0.33297301893769243	0.33344324756540755
0.3335973337414291	0.33290465712154826	0.33349800913702277
0.33356826481732815	0.3329314235391194	0.33350031164355254
0.33353916839680026	0.33290786262137817	0.3335529689818217
0.333586729105609	0.33282604315414965	0.3335872277402414
0.3335657469347746	0.33285395506240817	0.33358029800281735
0.3335690331228415	0.3329441031557479	0.33348686372141073
0.3335964978457899	0.3328183395242538	0.3335851626299564
0.33362726749481536	0.33282532053879893	0.3335474119663858
0.33360396999963254	0.3328182805034039	0.33357774949696367
0.3335377911311422	0.3329523918829972	0.3335098169858608
0.3335252700882497	0.3328675730552437	0.33360715685650666
0.33362980061224	0.3328761302535704	0.3334940691341897
0.3335337188523604	0.3329463618466709	0.3335199193009688
0.3336054296427668	0.3328107271981877	0.3335838431590456
0.3336066145817889	0.3328853837030847	0.3335080017151265
0.33355788267174746	0.33287819475572666	0.333563922572526
0.3335817724531554	0.3328426020757322	0.3335756254711125
0.333613484664981	0.33292621091764535	0.33346030441737384
0.3335433359904888	0.33294558423615706	0.33351107977335426
0.3335496571927079	0.33291287736122877	0.3335374654460634
0.33356680531765565	0.3328667459937808	0.33356644868856367
0.33357169406723564	0.3329155847561933	0.33351272117657116
0.33354306488249386	0.3328736085354735	0.33358332658203277
0.33351456328973444	0.3329110350443063	0.33357440166595936
0.3335750222962568	0.3328225182345918	0.3336024594691515
0.3335401786806961	0.33286191408560273	0.3335979072337013
0.3336255507531484	0.3328954827099388	0.33347896653691295
0.33356976833265944	0.3328796286452676	0.33355060302207307
0.3335640503425064	0.33293689170103546	0.3334990579564582
0.3336158323314842	0.3328954436846697	0.33348872398384627
0.33356438878159783	0.3329029203802401	0.33353269083816217
0.3336235637170028	0.33292531393977093	0.3334511223432264
0.33359438871489255	0.3328833040955393	0.33352230718956827
0.333599456368034	0.3329100947325357	0.3334904488994304
0.3335508633912008	0.3329541159009689	0.3334950207078304
0.3335971414389119	0.33294169455458344	0.3334611640065048
0.3336169354406856	0.33292482464107365	0.33345823991824086
0.33351389870109566	0.33297071400241174	0.3335153872964927
0.3335443163690825	0.33293103785641726	0.33352464577450036
0.3335469464500306	0.33293404653643666	0.3335190070135329
0.3336132142549346	0.3328646670552944	0.3335221186897711
0.3335258824617614	0.3328864734012601	0.3335876441369786
0.3335306458343582	0.3328642821441167	0.33360507202152523
0.33359195031312927	0.33288371334270284	0.333524336344168
0.3336105917151632	0.33283266438535836	0.33355674389947854
0.33360659955221184	0.33280926571567093	0.3335841347321174
0.33355521285342626	0.3328571770339241	0.33358761011264976
0.33359737644591597	0.3329511071245682	0.3334515164295159
0.333543954334311	0.3328702186335715	0.3335858270321176
0.3335574794536584	0.33297420426755425	0.3334683162787875
0.3335382693059936	0.33285028406620376	0.33361144662780273
0.3335133855297429	0.3328872465354944	0.3335993679347628
0.3335387237668356	0.33295536855173036	0.3335059076814342
0.33361735926858455	0.3328873886215364	0.3334952521098792
0.33357910156308623	0.33291261852209514	0.3335082799148187
0.33359518832705054	0.3329259904455706	0.333478821227379
0.3335420855519794	0.33286986197505136	0.3335880524729693
0.33360561041069636	0.3328512837440319	0.33354310584527186
0.3335775243275084	0.33294877909928045	0.33347369657321124
0.33361109923830423	0.33293986853294144	0.3334490322287544
0.33351301427143804	0.3329598789682795	0.3335271067602826
0.33360971369929204	0.332806298201709	0.3335839880989991
0.3336326630627232	0.33289418520465663	0.33347315173262027
0.3335600126138268	0.3328717222404545	0.33356826514571875
0.33357486775645745	0.33286294342104605	0.33356218882249655
0.33359273398918143	0.33282892329611163	0.33357834271470704
0.33362790389922015	0.3328149691409297	0.3335571269598503
0.33360238513152346	0.3329322787622653	0.3334653361062114
0.33358982918996966	0.33293069695402816	0.33347947385600224
0.3335518753004992	0.3329759645500657	0.33347216014943526
0.33358500481443926	0.3329699454576718	0.3334450497278891
0.333521539888597	0.3328809959170128	0.3335974641943903
0.333630323023822	0.33286558612031075	0.3335040908558673
0.33359236212902743	0.3328424901271642	0.33356514774380847
0.33353181080398964	0.332976108001733	0.33349208119427753
0.3335295537530614	0.3329847673091729	0.33348567893776576
0.3335364134811187	0.3328694995015755	0.3335940870173059
0.33358771897593203	0.33295832564530103	0.33345395537876704
0.33353995587522517	0.33291530206873116	0.33354474205604373
0.3335540168521358	0.3328857725468277	0.33356021060103663
0.3336301344752035	0.33281339255369974	0.33355647297109686
0.3336094818562711	0.33293003883229855	0.3334604793114305
0.3335498172846884	0.33291324343101936	0.33353693928429234
0.33359418676016017	0.3329077608782367	0.33349805236160324
0.3335740766722652	0.33282181511762754	0.33360410821010733
0.3335681600965893	0.3328174302145998	0.33361440968881095
0.3336129886950388	0.33284601165663097	0.33354099964833034
0.3335573152410329	0.33284757086282535	0.3335951138961419
0.3335349702362663	0.3329624459493668	0.333502583814367
0.33358447077669373	0.3328879413379083	0.33352758788539816
0.33361644206997215	0.33292956153663894	0.333453996393389
0.33356263427351873	0.3329679190327272	0.33346944669375417
0.33361634178748095	0.33282910496222157	0.33355455325029765
0.3336046625729249	0.33287688703758156	0.33351845038949357
0.333600601413912	0.33286925012200796	0.33353014846408013
0.33361402470405316	0.332879497513383	0.3335064777825639
0.333579199587511	0.3328685539724359	0.3335522464400532
0.3336097918226925	0.33291831193959603	0.33347189623771156
0.3335687208473163	0.33289552773114955	0.33353575142153424
0.3336149902609426	0.33281202546958405	0.33357298426947346
0.33357439515364834	0.33297166166548015	0.3334539431808716
0.3335824065200974	0.33288091759655436	0.33353667588334834
0.3335578474200513	0.3329022654593857	0.3335398871205631
0.3335239043443421	0.3328706895193907	0.3336054061362673
0.3335714321755712	0.3329582290475343	0.3334703387768945
0.333540835893945	0.3328855069290185	0.3335736571770366
0.3335663928181012	0.33284518722264533	0.3335884199592536
0.3335939311630216	0.3329454224286873	0.3334606464082912
0.3336075883981448	0.3329117200861623	0.333480691515693
0.33354837947736493	0.33294637144864186	0.3335052490739933
0.333628250000132	0.3329107204584725	0.3334610295413956
0.33358348414187244	0.33295451019047667	0.333462005667651
0.33351635783697453	0.332877759750423	0.3336058824126026
0.3335955374314353	0.3328707697884228	0.333533692780142
0.33357495793728864	0.33281307048054803	0.33361197158216344
0.3335758632655942	0.3328151082374046	0.33360902849700125
0.3336306777132395	0.33281371544990945	0.33355560683685115
0.3335398279401997	0.33295427142787	0.3335059006319304
0.33353908550682126	0.332977129764023	0.33348378472915585
0.33359050749562014	0.33283644617116576	0.3335730463332142
0.33358470710234145	0.33293618743225106	0.3334791054654076
0.33359636239958196	0.3328703794511367	0.3335332581492815
0.33356014549918145	0.3329448542875015	0.3334950002133172
0.33359485360570984	0.33286635587798225	0.333538790516308
0.3335156981898111	0.3328983226205692	0.33358597918961985
0.3336098079933305	0.33288112732352915	0.3335090646831404
0.333579099644879	0.33295950542456204	0.3334613949305591
0.3336281653659092	0.33286949062638627	0.3335023440077046
0.3335257240527327	0.33294433347138624	0.3335299424758812
0.3335765580047043	0.33281784427820965	0.3336055977170861
0.3335773703615543	0.33295035645664894	0.33347227318179684
0.3336193704268853	0.33291513445956006	0.3334654951135548
0.3335578768898543	0.3329233001658623	0.33351882294428353
0.3336187500933216	0.3329353029657862	0.3334459469408923
0.33357422719944907	0.33289029861386604	0.33353547418668505
0.3335739502528099	0.332891846215754	0.3335342035314362
0.3335337541718968	0.332898853994294	0.3335673918338093
0.3336175745074496	0.3328648964633304	0.3335175290292201
0.3335811036293627	0.33289011725579865	0.33352877911483875
0.3336158642824738	0.3329070768876767	0.3334770588298496
0.33358726827069185	0.3328815678510794	0.3335311638782289
0.3335445698667114	0.33287096552559997	0.33358446460768876
0.333571035412994	0.33289587212027294	0.3335330924667332
0.3336215741306779	0.3328439297571309	0.3335344961121913
0.33357581150040017	0.3329448849370105	0.3334793035625894
0.33357616640444204	0.33282981909504894	0.33359401450050913
0.333565258013882	0.33294642758150444	0.33348831440461363
0.33354483717807437	0.3328783555897645	0.33357680723216127
0.33358833605556126	0.3329566794064064	0.33345498453803246
0.3335356700907532	0.33288759685106134	0.33357673305818564
0.33352614349549403	0.33287116760922286	0.3336026888952832
0.3335261755116861	0.33290638519613364	0.33356743929218036
0.3335221007614248	0.33298294941668716	0.33349494982188815
0.3336088081301943	0.3329048603610871	0.33348633150871876
0.33356204300438985	0.33295174115170545	0.33348621584390487
0.3335558279789441	0.3328429841620968	0.3336011878589592
0.33358178658747967	0.3328463612047163	0.33357185220780416
0.333539515349304	0.3329206331103667	0.33353985154032945
0.33352724152873287	0.33295083674973114	0.3335219217215361
0.3335460072283352	0.33289972309843674	0.33355426967322815
0.3335476542956816	0.3329059008782923	0.3335464448260262
