0.5848687461352905	0.41513125386470917
0.5851780652237698	0.41482193477622986
0.5856998547396396	0.4143001452603601
0.5853849592649268	0.4146150407350729
0.5856410215825313	0.41435897841746844
0.5858211712235115	0.4141788287764881
0.5855818059148256	0.4144181940851741
0.585963531771398	0.4140364682286017
0.58549355807618	0.41450644192381964
0.5846584965577291	0.41534150344227055
0.5855507257933575	0.4144492742066422
0.5851542636741766	0.41484573632582317
0.5855631633150579	0.4144368366849418
0.5855071139747532	0.41449288602524653
0.5860498910513169	0.4139501089486827
0.5857627716345655	0.41423722836543425
0.5856850419132087	0.414314958086791
0.5845296603651635	0.4154703396348361
0.5851463324699809	0.41485366753001873
0.5852596118918353	0.4147403881081644
0.5861082876388525	0.4138917123611472
0.5864198080235477	0.41358019197645207
0.5859534832739374	0.4140465167260623
0.5858605915703812	0.41413940842961855
0.5846673978111487	0.415332602188851
0.5851404748748901	0.41485952512510954
0.5858945643198704	0.41410543568012925
0.5863512132507873	0.4136487867492123
0.5864281564534257	0.41357184354657395
0.5846642628850605	0.41533573711493926
0.5853409231660811	0.41465907683391856
0.5859766788755431	0.4140233211244566
0.5848000041342473	0.4151999958657524
0.585683243032807	0.4143167569671926
0.5850185086823931	0.41498149131760653
0.5861781725185867	0.41382182748141294
0.5856619772388071	0.4143380227611926
0.5857407018283654	0.4142592981716343
0.5859097743935916	0.41409022560640807
0.585212990877088	0.4147870091229117
0.5846173670712331	0.4153826329287665
0.5860335048037856	0.4139664951962141
0.5851692985981831	0.4148307014018166
0.5849019825339081	0.41509801746609154
0.585003392623469	0.4149966073765307
0.5852884114309341	0.41471158856906554
0.5850667013744635	0.4149332986255362
0.5846825817072641	0.41531741829273566
0.5863056774322812	0.41369432256771843
0.5855331441074832	0.41446685589251636
0.5850277194690315	0.41497228053096813
0.5855218578840621	0.4144781421159376
0.5852341724098102	0.4147658275901894
0.5848620688942757	0.41513793110572395
0.5849688182459716	0.4150311817540281
0.5864287087710769	0.4135712912289228
0.5853492757140242	0.41465072428597555
0.584960044315644	0.41503995568435575
0.5852366695120129	0.4147633304879867
0.5857814182553408	0.41421858174465886
0.5848721531380783	0.4151278468619214
0.5854248440259766	0.41457515597402306
0.5850974830272271	0.4149025169727726
0.5846526552668967	0.4153473447331029
0.5848044618192177	0.4151955381807819
0.5852764471011522	0.4147235528988474
0.5857016320863017	0.414298367913698
0.5846138222376184	0.4153861777623813
0.5859177067401484	0.4140822932598512
0.5849341724522368	0.41506582754776283
0.5859002158899762	0.41409978411002346
0.586335894959977	0.4136641050400227
0.5846835533823614	0.4153164466176382
0.5856321180792275	0.4143678819207721
0.5854388568161868	0.4145611431838129
0.5847831150758691	0.41521688492413056
0.5847186079792317	0.415281392020768
0.5852959535808958	0.4147040464191038
0.5844996758214706	0.4155003241785291
0.5860444048814129	0.4139555951185868
0.5862504023644136	0.41374959763558605
0.5861523515131871	0.41384764848681255
0.584942316574069	0.41505768342593063
0.5853862922162207	0.414613707783779
0.5862816493098112	0.4137183506901885
0.5862388256651265	0.41376117433487314
0.5855489084246274	0.4144510915753723
0.5847879463222282	0.41521205367777153
0.5847185061561679	0.4152814938438317
0.5848308295446099	0.41516917045538987
0.5857053410056361	0.4142946589943635
0.5845223611334294	0.4154776388665703
0.5864647017815623	0.4135352982184374
0.5853432292132114	0.4146567707867883
0.5857043441334481	0.41429565586655165
0.585344373615882	0.4146556263841177
0.5859869759023016	0.414013024097698
0.5860519838282956	0.41394801617170407
0.5853998458430255	0.41460015415697415
0.5858692728332568	0.4141307271667429
0.5854234650620685	0.4145765349379311
0.5855958513733539	0.41440414862664576
0.5863435274257816	0.41365647257421817
0.5853313446834848	0.41466865531651487
0.5858314226748472	0.41416857732515244
0.5855751063307653	0.4144248936692344
0.5850489534558457	0.41495104654415393
0.5847520963789221	0.41524790362107755
0.585483901509814	0.41451609849018567
0.5855296806741367	0.414470319325863
0.5860351615102921	0.41396483848970755
0.5850344071728353	0.4149655928271644
0.5852781528710518	0.41472184712894783
0.584751669109138	0.41524833089086166
0.5851503817489444	0.41484961825105526
0.5859961044255936	0.4140038955744061
0.5862170480828945	0.4137829519171051
0.585427161308361	0.41457283869163863
0.5857720154333522	0.41422798456664744
0.5849950461257772	0.4150049538742224
0.5860775081151498	0.4139224918848498
0.5854421159240591	0.4145578840759406
0.5847446546584996	0.4152553453415001
0.5854906931818649	0.4145093068181348
0.5856066608461474	0.4143933391538523
0.5850966635534757	0.41490333644652405
0.5859299364529749	0.4140700635470248
0.585508264373038	0.4144917356269617
0.5862788667094107	0.41372113329058907
0.5845532972144436	0.41544670278555607
0.5846268907176669	0.41537310928233273
0.5849816991565918	0.41501830084340785
0.5859718323354622	0.4140281676645374
0.5854150207703962	0.41458497922960347
0.5845084922741836	0.4154915077258161
0.5852037180557319	0.41479628194426776
0.5858501745204379	0.4141498254795618
0.5864535264312045	0.41354647356879515
0.5849210636897464	0.41507893631025333
0.5846013833440039	0.4153986166559957
0.5860748060353469	0.4139251939646528
0.5847891997297261	0.4152108002702735
0.585925568050106	0.41407443194989374
0.5861212969727662	0.41387870302723345
0.5847219351968427	0.415278064803157
0.5848390047503841	0.4151609952496156
0.5852441677963823	0.41475583220361734
0.5852958219483145	0.41470417805168514
0.5858652343370787	0.41413476566292096
0.5856475256881827	0.414352474311817
0.5848078213100063	0.41519217868999336
0.5856200531353855	0.4143799468646142
0.5848264796727902	0.41517352032720944
0.5848982182925881	0.4151017817074115
0.586224206727157	0.41377579327284264
0.5846064208744008	0.4153935791255988
0.5859763484421248	0.41402365155787485
0.5855486534083053	0.4144513465916943
0.5853801235255851	0.41461987647441456
0.5852936344645553	0.4147063655354443
0.585204505842497	0.4147954941575027
0.5864968056263762	0.41350319437362354
0.5846610920992725	0.4153389079007271
0.5848648244206204	0.4151351755793793
0.5860187146537589	0.4139812853462408
0.5845654882770145	0.4154345117229852
0.5853513086103188	0.41464869138968086
0.5861355272342058	0.4138644727657938
0.5853084410218334	0.41469155897816623
0.58607830425507	0.41392169574492965
0.5862910975011705	0.4137089024988292
0.5855840844695264	0.41441591553047324
0.5859888405941104	0.41401115940588934
0.5850095454351502	0.4149904545648495
0.585630501839805	0.41436949816019464
0.5854617653675728	0.41453823463242695
0.5845508111149678	0.4154491888850319
0.5852818753981841	0.41471812460181556
0.5850634254158033	0.4149365745841964
0.5858493682969828	0.4141506317030169
0.5849841644837559	0.41501583551624377
0.5848575389441487	0.41514246105585095
0.5846923801015665	0.41530761989843307
0.5846536597246155	0.41534634027538414
0.5861072112022415	0.41389278879775815
0.5860205426334951	0.4139794573665046
0.5855111970472653	0.4144888029527344
0.5861241927426932	0.4138758072573064
0.5863520833498366	0.4136479166501631
0.5845668969601246	0.415433103039875
0.5859800424041891	0.41401995759581056
0.5859504940539079	0.4140495059460918
0.5850681762733435	0.41493182372665616
0.5858043720520181	0.41419562794798154
0.5851202289138381	0.4148797710861616
0.5854935080836221	0.41450649191637756
0.5858396080038132	0.4141603919961865
0.5864717719342543	0.41352822806574546
0.5861696051270564	0.4138303948729432
0.5857885043795965	0.41421149562040316
0.5850433574449772	0.41495664255502257
0.5859610736259122	0.4140389263740875
0.5857333068589425	0.41426669314105713
0.5860206951584239	0.41397930484157575
0.5861684863847827	0.413831513615217
0.5856109117113306	0.4143890882886691
0.5848550080609511	0.41514499193904847
0.5846287296550787	0.41537127034492094
0.5856513296225621	0.41434867037743767
0.5845883879424562	0.4154116120575435
0.5857813821305716	0.414218617869428
0.5846755893832682	0.4153244106167314
0.586378789844368	0.4136212101556317
0.5856258699795067	0.414374130020493
0.5860427359834652	0.41395726401653443
0.5852330113715302	0.4147669886284695
0.586433013577655	0.41356698642234463
0.5853165391469267	0.4146834608530729
0.5860426640609382	0.4139573359390615
0.5860754401118592	0.4139245598881404
0.5847889339385732	0.4152110660614265
0.5859339836609151	0.4140660163390846
0.58637065617498	0.41362934382501976
0.5846161415430036	0.41538385845699605
0.5854394037422714	0.4145605962577282
0.5850689293202912	0.4149310706797084
0.584567509635151	0.4154324903648486
0.5846078697355319	0.41539213026446775
0.5860305571454463	0.41396944285455334
0.5853812035981156	0.41461879640188404
0.5861800727395337	0.413819927260466
0.5847819315308203	0.41521806846917947
0.5846436044424116	0.415356395557588
0.5863065092561961	0.41369349074380357
0.5861427484396107	0.413857251560389
0.5847143749486536	0.41528562505134603
0.5848139197792899	0.41518608022070985
0.5857698494579229	0.4142301505420768
0.5853724694477411	0.41462753055225854
0.5853299277576056	0.41467007224239405
0.5863803279725891	0.41361967202741057
0.5849221368319909	0.41507786316800876
0.5851993435032726	0.41480065649672704
0.5857464543204546	0.4142535456795451
0.5854914748800567	0.41450852511994296
0.5855126735404363	0.4144873264595633
0.5853832422747584	0.41461675772524137
0.5855860483520103	0.41441395164798933
0.584759619880746	0.4152403801192537
0.5861334089923765	0.41386659100762313
0.5850512591304703	0.4149487408695294
0.5851102876579115	0.4148897123420881
0.5861503699468722	0.41384963005312747
0.5852334813859329	0.41476651861406677
0.585045065214608	0.4149549347853917
0.5845355881715972	0.4154644118284025
0.5849433373647774	0.41505666263522223
0.5846932579897033	0.4153067420102963
0.5846561542373218	0.4153438457626779
0.5851590364358448	0.4148409635641549
0.5845909159006559	0.4154090840993437
0.5859850877805328	0.41401491221946685
0.5851966915852399	0.4148033084147597
0.5851181725202568	0.4148818274797429
0.5862632681909865	0.41373673180901316
0.5851617224643763	0.4148382775356234
0.585760376125154	0.41423962387484575
0.5857180249632802	0.4142819750367195
0.5857811302702642	0.41421886972973543
0.5861761598862002	0.41382384011379947
0.5861593073360807	0.41384069266391893
0.5856751571586231	0.41432484284137655
0.5848215016723027	0.41517849832769693
0.585352641791238	0.41464735820876164
0.5846691024086851	0.41533089759131464
0.5859682791791455	0.4140317208208542
0.5855884168468947	0.414411583153105
0.5861610217420772	0.4138389782579225
0.584645964014256	0.4153540359857437
0.5850870666126031	0.4149129333873966
0.5852886757103836	0.41471132428961605
0.5846360319615075	0.4153639680384921
0.5856693094667113	0.4143306905332884
0.5857789518324763	0.41422104816752336
0.5858256895480896	0.41417431045191017
0.5851660823429964	0.4148339176570032
0.5845624179563339	0.41543758204366577
0.585144371474402	0.4148556285255976
0.5861217656217486	0.4138782343782511
0.5846698050786006	0.4153301949213991
0.5854145565507815	0.4145854434492182
0.5853656798609853	0.41463432013901436
0.5861325349038111	0.4138674650961885
0.5846439421374102	0.4153560578625895
0.5851173171398989	0.41488268286010077
0.5861335349696232	0.4138664650303765
0.5851308525185906	0.414869147481409
0.5864474709670136	0.41355252903298617
0.5852786593141367	0.41472134068586297
0.5853315445152393	0.4146684554847604
0.586484110547024	0.4135158894529757
0.5863483134478369	0.4136516865521628
0.5850504901851923	0.4149495098148074
0.5853213926222579	0.41467860737774176
0.5857178318294127	0.4142821681705869
0.584585213333853	0.41541478666614656
0.5863211556300566	0.41367884436994307
0.5852687060119136	0.41473129398808606
0.5863277720794747	0.41367222792052494
0.5857001000502516	0.41429989994974803
0.5855746922342955	0.4144253077657042
0.5861417745833107	0.41385822541668893
0.5864955243874134	0.4135044756125863
0.5851629060391177	0.414837093960882
0.586400285045159	0.4135997149548407
0.5861753643034786	0.413824635696521
0.5849573731138568	0.4150426268861429
0.5855537084231819	0.4144462915768177
0.5855143909900311	0.41448560900996856
0.5855890959610153	0.41441090403898445
0.5855559345342515	0.41444406546574813
0.5851503867974308	0.4148496132025688
0.5852274128792037	0.41477258712079595
0.5857389108810572	0.41426108911894244
0.5851353623142045	0.4148646376857952
0.5857640997166315	0.41423590028336815
0.584926940575032	0.41507305942496764
0.5850787609373921	0.4149212390626076
0.5856917532137396	0.4143082467862601
0.5855083082755566	0.41449169172444317
0.5847618159316529	0.4152381840683468
0.5853728770144256	0.4146271229855741
0.5849107074076298	0.4150892925923698
0.5849175711202358	0.41508242887976393
0.5857255262861109	0.4142744737138888
0.5858347657367872	0.41416523426321245
0.5853272333727362	0.41467276662726343
0.5856440662664145	0.41435593373358515
0.5859357400891029	0.4140642599108968
0.5854883695399027	0.414511630460097
0.5845335143913766	0.41546648560862304
0.5861033413826788	0.41389665861732083
0.584768227753283	0.41523177224671665
0.5847120437138686	0.415287956286131
0.5855445047800234	0.4144554952199762
0.5851812417276667	0.4148187582723329
0.5864257089247635	0.41357429107523613
0.5862887429550119	0.4137112570449878
0.5850108851760967	0.414989114823903
0.5856702011554193	0.4143297988445804
0.5850833759733682	0.4149166240266315
0.5852913293233003	0.41470867067669936
0.5861413182719392	0.41385868172806045
0.5851296117897693	0.41487038821023037
0.5849529794463487	0.41504702055365095
0.58553366403579	0.4144663359642097
0.586403880104714	0.41359611989528566
0.585437300549341	0.41456269945065866
0.5852751889041498	0.41472481109584985
0.5851695977586849	0.41483040224131473
0.5863998093584365	0.41360019064156317
0.585652363666457	0.41434763633354266
0.5860483129596531	0.41395168704034657
0.5861037376705454	0.41389626232945437
0.5851936612185162	0.4148063387814834
0.58607738722847	0.4139226127715296
0.5862156562382826	0.413784343761717
0.5847522364612002	0.41524776353879944
0.5864877502648749	0.4135122497351248
0.5854611381150612	0.41453886188493844
0.5849761209904769	0.4150238790095228
0.5845267806993091	0.4154732193006906
0.5850115912146461	0.41498840878535365
0.5864922729891858	0.4135077270108138
0.5861539312915491	0.41384606870845053
0.5859729051850014	0.4140270948149982
0.5853971808972311	0.41460281910276847
0.5855846082503787	0.4144153917496209
0.5845463619753257	0.41545363802467394
0.5862966527080747	0.4137033472919249
0.5847845525325394	0.41521544746746036
0.5860317866826539	0.4139682133173458
0.5858913170170797	0.4141086829829199
0.584808735238484	0.4151912647615157
0.5853519654187753	0.41464803458122435
0.5846075776996926	0.41539242230030704
0.5857626450857392	0.41423735491426045
0.5845404725128285	0.4154595274871712
0.5851852199528683	0.41481478004713135
0.5864296857654486	0.413570314234551
0.5852022535000418	0.4147977464999579
0.5856891360258027	0.4143108639741969
0.5847681274569525	0.41523187254304716
0.5849029800476551	0.41509701995234455
0.5861283770002289	0.41387162299977076
0.5862619665559728	0.41373803344402676
0.5851115470911534	0.4148884529088463
0.5858350627418595	0.4141649372581402
0.5851291043023581	0.4148708956976416
0.5845949370344168	0.41540506296558294
0.585393168302444	0.4146068316975556
0.5863388532437088	0.41366114675629084
0.5851628273379398	0.41483717266205994
0.5853516505823573	0.41464834941764234
0.5856555076360634	0.4143444923639363
0.5847142310367628	0.4152857689632369
0.5856737579350098	0.41432624206498997
0.5864641439991709	0.41353585600082876
0.586302738981475	0.41369726101852466
0.586092551020289	0.4139074489797106
0.5846174920855632	0.4153825079144364
0.5852087095242061	0.41479129047579355
0.5846676703815624	0.41533232961843725
0.5853956215765337	0.4146043784234659
0.5853252067388685	0.4146747932611312
0.585058190932146	0.41494180906785366
0.5851636261444078	0.4148363738555919
0.5863305219171967	0.41366947808280297
0.5861341353918372	0.4138658646081625
0.5846089123729578	0.4153910876270419
0.5850694698070245	0.4149305301929752
0.5852309490416601	0.41476905095833955
0.5851571529433179	0.41484284705668173
0.5855769779328899	0.4144230220671098
0.5863088573252262	0.41369114267477347
0.5859884128796715	0.41401158712032815
0.5862725593406496	0.4137274406593501
0.5849321588653175	0.4150678411346822
0.5853156609392233	0.4146843390607764
0.5850330707310927	0.41496692926890694
0.585844328866982	0.4141556711330176
0.5846313643707636	0.4153686356292361
0.584835440500053	0.41516455949994663
0.5858725241765782	0.41412747582342146
0.5864829930157972	0.4135170069842024
0.5847292569201676	0.415270743079832
0.5856288121607172	0.4143711878392825
0.5851063125803815	0.41489368741961813
0.5860470128050721	0.41395298719492757
0.5863293896018181	0.41367061039818154
0.5848160338937828	0.41518396610621694
0.5856995174184753	0.4143004825815244
0.5852898526307893	0.41471014736921047
0.5846045866701387	0.41539541332986096
0.5863726619910512	0.4136273380089485
0.5864875659626699	0.41351243403732973
0.5858464436276627	0.414153556372337
0.5846844050376394	0.4153155949623603
0.5848563715671264	0.4151436284328732
0.5856182265266477	0.4143817734733519
0.5860745795970175	0.4139254204029822
0.5852619279078625	0.4147380720921372
0.5863172319626925	0.41368276803730725
0.5859935480623335	0.4140064519376661
0.5853155576668866	0.4146844423331131
0.5861823559384878	0.4138176440615119
0.5846506400364523	0.4153493599635473
0.584549212584711	0.4154507874152887
0.5856483642178798	0.41435163578211986
0.5847399269536585	0.41526007304634116
0.5855072784014916	0.4144927215985081
0.5850990982028699	0.4149009017971298
0.585661430392811	0.4143385696071886
0.5852728675676905	0.41472713243230924
0.5860936202568858	0.41390637974311384
0.5861158481362538	0.4138841518637459
0.5854223546872641	0.41457764531273555
0.5852227614400819	0.41477723855991777
0.5856954494354711	0.41430455056452853
0.5859024362383897	0.41409756376161
0.5857633942121094	0.41423660578789023
0.5851038484030686	0.4148961515969311
0.585061722773579	0.4149382772264206
0.5860785087602938	0.41392149123970595
0.5856921739670189	0.4143078260329808
0.5860593074536221	0.41394069254637755
0.5849803802480817	0.41501961975191787
0.5861137295930442	0.4138862704069555
0.584599230018895	0.41540076998110465
0.5857060828687419	0.4142939171312577
0.5846298674523448	0.41537013254765487
0.5858800948783317	0.41411990512166796
0.5858494930165502	0.41415050698344946
0.5846284506707046	0.41537154932929515
0.5848165490976532	0.4151834509023464
0.5848321325212884	0.41516786747871126
0.5845908234873064	0.41540917651269327
0.5857294701513249	0.41427052984867474
0.5859360330662741	0.4140639669337256
0.5853752050554761	0.4146247949445235
0.5863800563220622	0.4136199436779374
0.5859344138579364	0.41406558614206324
0.5855112686712327	0.41448873132876696
0.5854082526737733	0.41459174732622645
0.5848156029868866	0.41518439701311305
0.5858940384876192	0.41410596151238044
0.5859255217551911	0.41407447824480864
0.5858320846627039	0.4141679153372958
0.5852424867679978	0.41475751323200183
0.5846617958977711	0.41533820410222855
0.5847096629745281	0.4152903370254716
0.5851114868915623	0.41488851310843733
0.5861839709866878	0.4138160290133119
0.5860956529666849	0.4139043470333148
0.5863010357292542	0.4136989642707455
0.5858281880943298	0.4141718119056699
0.5854840385783676	0.414515961421632
0.5858118788840169	0.41418812111598285
0.5847030091608456	0.41529699083915406
0.5846196729421843	0.4153803270578154
0.585715195441468	0.4142848045585317
0.5863733830327872	0.4136266169672124
0.5856732157306871	0.4143267842693126
0.5850230998236596	0.4149769001763401
0.5861653548671666	0.4138346451328331
0.5854755493257026	0.41452445067429716
0.5849110883076306	0.41508891169236906
0.5853376877479759	0.4146623122520238
0.5852220614779697	0.41477793852203
0.5863450720636278	0.4136549279363719
0.5863566488581389	0.41364335114186074
0.5863779867424361	0.41362201325756354
0.5862943662518785	0.4137056337481212
0.5859886122701569	0.4140113877298428
0.5858980332750376	0.414101966724962
0.5853757549749803	0.4146242450250194
0.5855085437918486	0.41449145620815114
0.5850565242777096	0.41494347572229007
0.5857082572843896	0.4142917427156101
0.5855056053052599	0.4144943946947398
0.5846445989905302	0.4153554010094694
0.5856469269263036	0.41435307307369607
0.5849641641077727	0.4150358358922269
0.5862317040850521	0.41376829591494757
0.5861014878733218	0.41389851212667783
0.5850086222253017	0.414991377774698
0.585645291602841	0.41435470839715866
0.5859527675859999	0.4140472324139998
0.5857678380054434	0.41423216199455626
0.5858498753544076	0.41415012464559214
0.5848407991006678	0.4151592008993319
0.5847113490988189	0.4152886509011808
0.586270814875997	0.41372918512400275
0.5854939467866328	0.41450605321336687
0.5858389154336914	0.4141610845663083
0.5856109994784792	0.41438900052152045
0.5847639688498552	0.4152360311501445
0.5852902054549017	0.41470979454509793
0.5859250662465341	0.41407493375346555
0.5858307001247512	0.4141692998752484
0.5849963659036751	0.41500363409632457
0.5860073221484549	0.4139926778515448
0.586277152326767	0.41372284767323264
0.5849775792668225	0.4150224207331772
0.5855683542532861	0.4144316457467136
0.5864146484468723	0.41358535155312737
0.5850399542708168	0.4149600457291828
0.5863820698050527	0.413617930194947
0.5849234146944051	0.41507658530559455
0.5860680826155428	0.41393191738445684
0.5851426900468119	0.4148573099531878
0.5863411630294748	0.4136588369705249
0.5863146790504499	0.4136853209495498
0.5863541632436496	0.41364583675635
0.5857070785558192	0.41429292144418045
0.5861645506920893	0.41383544930791033
0.5854278333652847	0.41457216663471497
0.5861884217224287	0.413811578277571
0.5861704956473187	0.41382950435268095
0.5852960334853404	0.41470396651465924
0.5861913168427124	0.41380868315728725
0.5849528566578993	0.41504714334210036
0.5855453999165899	0.41445460008340973
0.5862532951102439	0.41374670488975573
0.5860606963311098	0.41393930366888987
0.5848729185167654	0.4151270814832343
0.5849258794806027	0.4150741205193969
0.586258165127428	0.41374183487257166
0.5848932787141486	0.415106721285851
0.5863778078857289	0.41362219211427076
0.5853245860802601	0.4146754139197396
0.5858483870072361	0.41415161299276354
0.5847241439594183	0.41527585604058137
0.5852957705841849	0.4147042294158148
0.5861942728945897	0.4138057271054099
0.5846446924907036	0.41535530750929606
0.5857653235682003	0.41423467643179934
0.5861817453890981	0.4138182546109016
0.5857721968519147	0.414227803148085
0.5862380630770186	0.413761936922981
0.5852683742758191	0.41473162572418054
0.5849732590330244	0.4150267409669753
0.5853774164858462	0.4146225835141535
0.5849006995769986	0.415099300423001
0.585136023391473	0.4148639766085267
0.5863659963862816	0.41363400361371805
0.58505508710327	0.4149449128967297
0.5849906693128313	0.4150093306871684
0.5850280398557992	0.41497196014420046
0.5857508072227966	0.41424919277720307
0.585832301741148	0.41416769825885164
0.586162154066122	0.4138378459338776
0.5862184313280152	0.41378156867198446
0.584843806180434	0.4151561938195657
0.5862209510402154	0.41377904895978423
0.5851371169003694	0.41486288309963026
0.5861045534621001	0.41389544653789956
0.5860761363766109	0.41392386362338873
0.5853435594291803	0.4146564405708194
0.5847541924593911	0.4152458075406085
0.5852495619935248	0.4147504380064748
0.5854590407425962	0.4145409592574035
0.5852729886769024	0.41472701132309736
0.585811248468367	0.4141887515316327
0.5862738874544944	0.4137261125455053
0.5856155962231913	0.41438440377680835
0.5861478361266312	0.41385216387336843
0.5846195797361626	0.41538042026383704
0.5858474780081272	0.41415252199187247
0.585400172786739	0.41459982721326066
0.5855626028377505	0.41443739716224914
0.5852953136416987	0.41470468635830093
0.5845103620272968	0.4154896379727029
0.5864028096966489	0.41359719030335074
0.5856955362503822	0.4143044637496175
0.5861564638192263	0.4138435361807734
0.5855489223988336	0.41445107760116606
0.5849009820075666	0.41509901799243304
0.5851146471596849	0.41488535284031475
0.5864214983958581	0.41357850160414156
0.5858414278287668	0.41415857217123286
0.586102475899079	0.41389752410092057
0.5856911994877063	0.41430880051229335
0.5847961134974937	0.41520388650250595
0.5854421461643875	0.4145578538356121
0.585488190205409	0.41451180979459074
0.5854921020791387	0.41450789792086096
0.5854884044334356	0.414511595566564
0.5851020381217914	0.41489796187820827
0.5862966458517913	0.41370335414820836
0.5855243559805302	0.41447564401946946
0.5856964777922637	0.414303522207736
0.5858605989350884	0.4141394010649113
0.5853153509250245	0.41468464907497515
0.5864243683996244	0.41357563160037525
0.5860009256314898	0.41399907436850997
0.5849899718732405	0.4150100281267592
0.5846635647077837	0.415336435292216
0.5846976025547777	0.41530239744522196
0.5848555443283372	0.41514445567166247
0.586290697592086	0.41370930240791376
0.5852466122921384	0.4147533877078613
0.5856536674774161	0.4143463325225836
0.5846521586516714	0.4153478413483282
0.5846112645424744	0.4153887354575253
0.5853125744589337	0.41468742554106597
0.5850085366782936	0.41499146332170606
0.5850660926410461	0.4149339073589535
0.585330784887486	0.4146692151125137
0.5852650670020366	0.4147349329979631
0.586134628505331	0.4138653714946687
0.586145131431569	0.41385486856843073
0.5849261405152605	0.4150738594847391
0.5856665002876457	0.414333499712354
0.5852436187969045	0.4147563812030952
0.5856433958446314	0.4143566041553683
0.5850955064154444	0.4149044935845552
0.5854766854045667	0.414523314595433
0.5846773294083185	0.4153226705916812
0.585028349488056	0.4149716505119436
0.5848562139250635	0.41514378607493624
0.5855663014408171	0.41443369855918255
0.5864551163639908	0.4135448836360088
0.585704210092755	0.4142957899072447
0.5856239152373532	0.4143760847626465
0.5861109833759409	0.41388901662405875
0.5864376942364584	0.4135623057635412
0.5859401195824715	0.4140598804175281
0.5854946060096876	0.41450539399031205
0.5846892126217729	0.4153107873782268
0.5850918480546191	0.4149081519453805
0.5854491892536859	0.4145508107463137
0.5859979195581085	0.41400208044189113
0.5863885299868565	0.4136114700131432
0.5849890381779009	0.41501096182209873
0.5848915735133918	0.4151084264866078
0.5852697323433058	0.4147302676566938
0.5848948178662573	0.41510518213374237
0.5845467815955158	0.41545321840448385
0.5845006909134598	0.41549930908653987
0.585353685267531	0.4146463147324687
0.5848389684885411	0.41516103151145856
0.5863382724716122	0.4136617275283875
0.5846125623747288	0.41538743762527086
0.5859230669113901	0.4140769330886096
0.5856243647328483	0.41437563526715143
0.5858685299794799	0.4141314700205197
0.5848238288856719	0.4151761711143278
0.5845410312059274	0.4154589687940723
0.5861396117603339	0.4138603882396658
0.5858194203280045	0.4141805796719952
0.5860496046074738	0.41395039539252587
0.5860416593655112	0.41395834063448844
0.5860345975053807	0.413965402494619
0.5848594837510307	0.4151405162489689
0.584616012656929	0.41538398734307075
0.5853460637697975	0.4146539362302022
0.5847247113319554	0.41527528866804425
0.585231676745065	0.4147683232549346
0.5846111522841628	0.41538884771583684
0.585793967992999	0.4142060320070007
0.5857105947125244	0.41428940528747527
0.586166891582235	0.41383310841776466
0.5854948203159487	0.41450517968405104
0.5856804444251303	0.4143195555748693
0.5864189080788491	0.41358109192115056
0.5863647508520113	0.4136352491479884
0.585132280467623	0.4148677195323766
0.5857721804288618	0.41422781957113786
0.5859483632277426	0.4140516367722571
0.5857831528489663	0.41421684715103335
0.586407219535092	0.41359278046490766
0.5856982578942371	0.41430174210576254
0.5864105246628841	0.4135894753371155
0.5858449492841826	0.4141550507158171
0.5855822721311481	0.4144177278688515
0.5854096072669147	0.41459039273308496
0.5850494739543632	0.4149505260456365
0.585403907958235	0.4145960920417646
0.5852018558045601	0.4147981441954396
0.5857827383637599	0.41421726163623973
0.5864134634861119	0.4135865365138878
0.5863474420855164	0.4136525579144833
0.5845478313015944	0.4154521686984053
0.5854772859382504	0.41452271406174923
0.5856225679001198	0.41437743209987987
0.5862883333087248	0.4137116666912749
0.5855557396224993	0.4144442603775004
0.5864059182116466	0.41359408178835316
0.5861416168692972	0.41385838313070245
0.5852566452006303	0.41474335479936936
0.5861886971824399	0.41381130281755973
0.5858277185436198	0.4141722814563799
0.586143924186874	0.4138560758131257
0.5850813517461574	0.4149186482538423
0.585264602456997	0.4147353975430027
0.5855777073802929	0.4144222926197068
0.5849846297572878	0.41501537024271185
0.5847365993783473	0.4152634006216523
0.5847710337355649	0.41522896626443473
0.5852619822385321	0.41473801776146757
0.5854858764796838	0.41451412352031586
0.585794761067453	0.4142052389325466
0.5863332082830869	0.4136667917169128
0.5860069136391691	0.4139930863608306
0.5857295307207927	0.4142704692792069
0.585998884970101	0.41400111502989867
0.5852361881267245	0.41476381187327516
0.5862166458779418	0.4137833541220579
0.5858721974056247	0.41412780259437504
0.5847592335358773	0.41524076646412234
0.5861600661417822	0.4138399338582175
0.5852306235996013	0.41476937640039835
0.5858295544061994	0.41417044559380023
0.5853741492785993	0.41462585072140035
0.5860354560245487	0.41396454397545096
0.5855727774197784	0.41442722258022124
0.5853515841108183	0.4146484158891813
0.5862596263388876	0.413740373661112
0.5861609038577157	0.41383909614228404
0.5850167919635602	0.41498320803643957
0.5847190390334195	0.41528096096658024
0.5861550559352722	0.4138449440647275
0.5850080168092602	0.4149919831907395
0.5847884840692792	0.4152115159307205
0.5854087138265786	0.41459128617342117
0.5855535744659703	0.41444642553402933
0.5850631910788748	0.41493680892112483
0.5858504366331868	0.41414956336681286
0.5860796830496984	0.41392031695030135
0.5845131771273117	0.41548682287268807
0.5856420072434882	0.4143579927565115
0.5859528932883842	0.4140471067116155
0.5862612575936743	0.41373874240632535
0.5863863854340529	0.4136136145659468
0.5846299208867414	0.4153700791132583
0.5859416162796436	0.4140583837203561
0.5857654209458341	0.41423457905416566
0.5850574197840748	0.4149425802159249
0.5846196210695105	0.4153803789304891
0.5852882841277238	0.41471171587227584
0.5851634022947726	0.414836597705227
0.5857560373609803	0.4142439626390194
0.5851778903986908	0.41482210960130883
0.5848668354175667	0.415133164582433
0.5853303935155407	0.414669606484459
0.5856208641781507	0.41437913582184893
0.5864623965351159	0.41353760346488383
0.5847015814752516	0.41529841852474797
0.5861144612692617	0.413885538730738
0.5863514987886942	0.4136485012113054
0.5861307392717023	0.41386926072829733
0.5846520563730692	0.4153479436269305
0.5864950813763832	0.41350491862361644
0.5862905709531856	0.413709429046814
0.5850269043875203	0.41497309561247936
0.5850215474160655	0.4149784525839342
0.585935374764042	0.41406462523595766
0.5864243091054031	0.4135756908945965
0.5859121655705347	0.414087834429465
0.5863379874799742	0.4136620125200255
0.5845430771872354	0.41545692281276425
0.585058976929647	0.4149410230703526
0.5853075987292023	0.41469240127079726
0.58598803619234	0.4140119638076597
0.5856755015324214	0.41432449846757824
0.5863831563915703	0.4136168436084293
0.5855840865173187	0.4144159134826809
0.5849315232494561	0.4150684767505436
0.5848627008707812	0.4151372991292185
0.5859309458752296	0.41406905412477
0.5864578325793075	0.41354216742069216
0.5847199458319803	0.4152800541680194
0.5849166969928297	0.41508330300717
0.5862246952331894	0.4137753047668103
0.5857812152761889	0.4142187847238108
0.5856785532655384	0.4143214467344613
0.5860276541966302	0.4139723458033695
0.5856369516990911	0.41436304830090853
0.5847173461422707	0.41528265385772895
0.58519335702792	0.4148066429720797
0.5853959656086617	0.41460403439133797
0.5853256354392125	0.41467436456078716
0.5851374772893378	0.4148625227106619
0.5850174052390972	0.4149825947609025
0.5852524833497187	0.414747516650281
0.5864368203498574	0.4135631796501423
0.5849677206232263	0.41503227937677334
0.5859443291253175	0.41405567087468215
0.5854897493840523	0.41451025061594743
0.5855741769836306	0.4144258230163691
0.5846197063890773	0.4153802936109224
0.5847722517332432	0.4152277482667564
0.5849910357401121	0.4150089642598875
0.5863330835583404	0.4136669164416593
0.5853668680552839	0.41463313194471574
0.584834542024328	0.4151654579756716
0.5863305494134128	0.41366945058658683
0.5845928356042523	0.4154071643957473
0.5845045751050258	0.4154954248949739
0.5864266710355893	0.4135733289644104
0.586191067590085	0.41380893240991473
0.5850075765801472	0.4149924234198525
0.5864724690448659	0.4135275309551337
0.5864953697460683	0.4135046302539314
0.5851556734544072	0.41484432654559245
0.5855310109278175	0.41446898907218216
0.5856128481990246	0.41438715180097513
0.5863220954420939	0.41367790455790576
0.5850960556320479	0.41490394436795175
0.5846926536828079	0.4153073463171918
0.5865024712005111	0.4134975287994886
0.5854181522113583	0.4145818477886414
0.584948859949461	0.41505114005053867
0.5851038210522129	0.41489617894778674
0.5851095644192439	0.4148904355807558
0.5859664280029429	0.4140335719970568
0.5858737344606952	0.41412626553930443
0.5857685221186024	0.4142314778813972
0.5856336959460807	0.4143663040539189
0.5854788166385152	0.4145211833614845
0.5862097725855713	0.41379022741442834
0.5851720807907315	0.4148279192092682
0.5851339340475107	0.414866065952489
0.5864299235571948	0.41357007644280486
0.5844972282206673	0.4155027717793323
0.5851586943842585	0.4148413056157412
0.5857821616854881	0.41421783831451153
0.5847747653118753	0.4152252346881243
0.5864878882025555	0.4135121117974441
0.5862199927144224	0.4137800072855773
0.5860023004980772	0.41399769950192244
0.5852201123800849	0.4147798876199148
0.5863197098430365	0.41368029015696317
0.5857965845669555	0.4142034154330442
0.5848417169301947	0.41515828306980496
0.5847108294385103	0.4152891705614894
0.5861033807660072	0.41389661923399246
0.5854520319570835	0.4145479680429162
0.5862006157480901	0.4137993842519095
0.5847416891551077	0.41525831084489195
0.5850342605515952	0.4149657394484044
0.5863279472495557	0.41367205275044394
0.5859626164381034	0.41403738356189623
0.5849746481794977	0.4150253518205019
0.5848816433435434	0.41511835665645624
0.5849391980801018	0.4150608019198979
0.5861553058316394	0.4138446941683602
0.5856756689731267	0.414324331026873
0.5853972466854646	0.4146027533145351
0.5851714275711651	0.4148285724288346
0.5847449071949229	0.4152550928050768
0.5858110534024821	0.4141889465975176
0.5856858726324132	0.41431412736758644
0.5853325295155818	0.4146674704844178
0.5864141774079487	0.413585822592051
0.5846494725408099	0.41535052745918977
0.5846207401778615	0.4153792598221382
0.5848722863925446	0.415127713607455
0.5847489837422427	0.41525101625775696
0.5850311517702134	0.4149688482297863
0.5845076954542394	0.41549230454576025
0.5849467931634509	0.4150532068365488
0.585663905406761	0.4143360945932386
0.5850700167217343	0.41492998327826536
0.5846101605033325	0.41538983949666725
0.5854636471579061	0.41453635284209356
0.5845166312290697	0.41548336877092995
0.5846827570512995	0.4153172429487002
0.5856336670016224	0.41436633299837716
0.5855136702788798	0.41448632972111993
0.5863633957624611	0.41363660423753856
0.585597708826027	0.41440229117397265
0.586013760647463	0.41398623935253664
0.5862500189876546	0.413749981012345
0.5854764800582006	0.41452351994179903
0.5860863745273444	0.41391362547265526
0.5863040318740124	0.4136959681259873
0.5853432621331385	0.41465673786686125
0.5857980423935707	0.41420195760642897
0.5847826649733135	0.4152173350266862
0.5862978949373174	0.4137021050626822
0.5852673585824129	0.4147326414175868
0.5860061714107766	0.41399382858922307
0.5857121365677498	0.4142878634322499
0.5854739094757375	0.4145260905242622
0.5853577734838858	0.41464222651611377
0.5854907564069027	0.41450924359309693
0.5849317568949469	0.41506824310505275
0.5853509081746249	0.4146490918253748
0.5858631225535414	0.4141368774464583
0.5864521034290351	0.4135478965709646
0.5853535832399023	0.41464641676009745
0.5860747814700964	0.41392521852990327
0.585401887051943	0.4145981129480567
0.5857615382180165	0.41423846178198315
0.586371103300775	0.41362889669922465
0.5857827410358905	0.4142172589641092
0.5854589763398292	0.4145410236601704
0.5851599687279216	0.4148400312720781
0.5863842218455754	0.4136157781544243
0.5849245262999083	0.41507547370009135
0.5860270065919476	0.41397299340805205
0.5864743460286256	0.4135256539713741
0.5852713012536417	0.414728698746358
0.5862924361905776	0.4137075638094221
0.5851938384845194	0.41480616151548017
0.5864718774526235	0.41352812254737614
0.5846120249346751	0.4153879750653246
0.584595942249637	0.4154040577503627
0.5847316061424526	0.41526839385754705
0.5865024548828891	0.4134975451171106
0.5858901832839285	0.4141098167160712
0.5850843559216762	0.4149156440783235
0.5850803387103373	0.41491966128966234
0.5855543067562136	0.4144456932437861
0.584605527057519	0.4153944729424807
0.5849944689444881	0.4150055310555115
0.5858597608842421	0.4141402391157576
0.5858160301356252	0.4141839698643745
0.5851479520480188	0.41485204795198083
0.585083219565779	0.4149167804342206
0.5850913714999304	0.41490862850006927
0.5864057842222271	0.41359421577777256
0.5848186412538591	0.4151813587461406
0.5859554850740772	0.4140445149259224
0.585524270265362	0.4144757297346377
0.5864293213103537	0.4135706786896459
0.585707759876166	0.41429224012383364
0.5848427927554718	0.4151572072445278
0.5848752678171986	0.4151247321828011
0.5864938624049599	0.41350613759503974
0.5850112781820347	0.4149887218179649
0.586114742236812	0.41388525776318763
0.5846004028245257	0.415399597175474
0.5864169278079987	0.413583072192001
0.5849293725766678	0.4150706274233319
0.584597707398775	0.4154022926012246
0.5845509329669855	0.41544906703301415
0.5854580346022819	0.41454196539771787
0.585305602920891	0.4146943970791087
0.5852963943200126	0.41470360567998704
0.5860634123379667	0.413936587662033
0.5856116596866209	0.4143883403133788
0.5858476698984235	0.41415233010157615
0.5858543054574084	0.4141456945425913
0.585722417808521	0.41427758219147864
0.5859057639557097	0.41409423604428997
0.5863711494792612	0.41362885052073844
0.586392227723548	0.41360777227645157
