0.20120697057899564	0.20040817503148733	0.20025865767105833	0.20050070026539343	0.19762549645306504
0.20146573994423606	0.19917720405561212	0.20108763129179452	0.2006751950926633	0.1975942296156938
0.20156044660041159	0.19858440981094055	0.2011383919638844	0.19953259964360398	0.19918415198115927
0.2012854927150282	0.19900950967811892	0.20098639032975318	0.1989444078372744	0.19977419943982505
0.19983711736325005	0.20053504781386947	0.20103750301468762	0.20072513012842355	0.1978652016797691
0.20086645288386795	0.19786445254935225	0.2006711825031808	0.1997352853127276	0.20086262675087116
0.2023470632195404	0.19976342003481018	0.20056476704967788	0.19941869345750787	0.1979060562384634
0.19929248866679058	0.20048847857170427	0.20148941762020964	0.19896378831897452	0.19976582682232075
0.20281638077942163	0.19752397414240172	0.20025443434988632	0.20074926195783782	0.19865594877045228
0.20013322566121183	0.19815809572471813	0.20153015474805047	0.19975735117207508	0.2004211726939443
0.20219484010428196	0.19897683396775134	0.19975479088302048	0.19905589397172993	0.20001764107321607
0.20050969269268187	0.19992249546933694	0.20121276854744044	0.20073220855634125	0.19762283473419925
0.2010056284679702	0.19779795253995128	0.20159882170609783	0.2003269012597188	0.19927069602626166
0.20185548587655594	0.19896513500235177	0.20143960944078218	0.20016011634294759	0.19757965333736233
0.2014045181950972	0.19981395960575532	0.20094225657025783	0.19887923145521474	0.19896003417367472
0.20202738330126158	0.19743449778309732	0.20072576896191424	0.20096853298334477	0.19884381697038186
0.20185311543737075	0.19741385840900325	0.19993406653604895	0.20004836555491634	0.2007505940626605
0.20238437455395714	0.19741032079265497	0.2001608460804395	0.20070491772814128	0.19933954084480693
0.2012577422221274	0.20019873283093195	0.2011858408351344	0.19889407258903652	0.19846361152276953
0.20147744717536234	0.19796855937040436	0.20066018497050345	0.19989711720990136	0.19999669127382827
0.20178609827455585	0.199958431175048	0.20081320631314675	0.19985087468748886	0.19759138954976033
0.20187700298636707	0.1994095950891301	0.1999073574588467	0.20017721634001187	0.19862882812564403
0.20109092139891205	0.19887244069140003	0.20083071898295887	0.19941237248860416	0.19979354643812466
0.1992940694784292	0.19835829669970068	0.20157727134618392	0.2003444698823114	0.2004258925933746
0.20076652007062365	0.19992647873849195	0.19980559542205742	0.19966444478529538	0.19983696098353138
0.2003171539990588	0.19901958443868456	0.20126272374570825	0.19938288834931905	0.2000176494672291
0.19942307381828803	0.20067269798954054	0.20090396420125606	0.2007670741805144	0.19823318981040075
0.2013689048389686	0.2004457666222763	0.20091105926181302	0.19886045477061057	0.19841381450633128
0.20107830874801058	0.19900364842443513	0.2015463912417539	0.19926638110098513	0.199105270484815
0.20108539660102506	0.2006075713116458	0.20114499297330843	0.19894306821817	0.19821897089585047
0.20038202282713174	0.200666751335955	0.20036704058848004	0.20022564769647253	0.19835853755196048
0.2014206288665798	0.2004418844471725	0.20086542711009256	0.19895302461889672	0.1983190349572582
0.2022207597334201	0.1977399695768064	0.2001502783144629	0.1996563374901618	0.2002326548851486
0.20046086565004695	0.19966415183108474	0.19995340008619644	0.1998097832338909	0.20011179919878075
0.20095819574458945	0.2002828721156133	0.20071683510935137	0.19912133632311213	0.19892076070733353
0.20124665291579988	0.19881937564162364	0.20060647903223833	0.19898779434191974	0.20033969806841823
0.19998005757633	0.19876559086755216	0.20054335939579318	0.20042378778398479	0.20028720437633965
0.20303705865155225	0.19821647358853442	0.19989789626511967	0.20095881014759423	0.1978897613471992
0.19984888097713982	0.20067500821779596	0.2017291319451534	0.20021635863582612	0.19753062022408446
0.2026153943019315	0.1986243275792221	0.19998094053936682	0.19905615468810037	0.19972318289137897
0.20096638966828806	0.19903088693164614	0.2013645299091163	0.20109266863145495	0.19754552485949434
0.20110385153721333	0.19897114132375007	0.20077451374298286	0.20009063752615552	0.199059855869898
0.20019918428266772	0.19849016900466643	0.2014001868890591	0.1993644162311954	0.2005460435924111
0.20278705361754304	0.19797900191686232	0.20167073681578004	0.19920855567480159	0.1983546519750128
0.20179889893226752	0.19894233001597839	0.2004528357017749	0.2004102346618387	0.19839570068814028
0.20253615989457216	0.1992369627184288	0.20052999176625924	0.20000789396979035	0.19768899165094922
0.20001851413782093	0.1982545609082128	0.20163987126207514	0.20011310556954154	0.19997394812234937
0.20076296827281673	0.19837759272863592	0.19997420825612566	0.20085192086175077	0.20003330988067072
0.2006066981441239	0.19984480795031884	0.20033262983343883	0.2006247488133256	0.1985911152587926
0.20016553428296205	0.20006239752837768	0.2014468973261284	0.1991999203374576	0.19912525052507407
0.20139474880734853	0.20038224335386237	0.20091778123726367	0.19900776265582212	0.1982974639457031
0.19998508105638152	0.19740259252622505	0.20174751414129413	0.2004949723885073	0.20036983988759174
0.2006956125354271	0.1982775019264288	0.20091764027407566	0.20012933453357432	0.1999799107304939
0.20116161967648688	0.19784218759085304	0.20162368423689042	0.19963518695178253	0.19973732154398693
0.20064881450186933	0.20035110933561698	0.2002858038666584	0.20041666120045704	0.19829761109539804
0.201007775562936	0.19927309987208677	0.2013918808007723	0.20049607292287397	0.19783117084133073
0.19974104150457964	0.19988327915741305	0.20063153624719507	0.20100667967126648	0.1987374634195455
0.20207441791100098	0.19898568111537093	0.1997618196986741	0.1994720268934626	0.19970605438149114
0.20041922952177768	0.20031597085987907	0.20109946162168077	0.1996653579152136	0.19849998008144867
0.20103033852375657	0.19830230280287786	0.200513040708435	0.20103842625398136	0.19911589171094898
0.20035853186007108	0.19830587690831733	0.19997201099016018	0.20087140943261592	0.2004921708088353
0.1998396228456311	0.20046506926011354	0.2008550302918815	0.2006512216331976	0.19818905596917605
0.2004415125050445	0.19919053385822982	0.20045974939072217	0.2001492343135872	0.1997589699324161
0.20200629016697516	0.19757898124833304	0.20050559118212466	0.20055824934539898	0.19935088805716794
0.2009091165762714	0.19971464903365094	0.20126171060761128	0.19952555807650124	0.19858896570596493
0.201303767287159	0.19943040249111893	0.2008583837654089	0.2007920236265722	0.19761542282974073
0.20111635882067902	0.20041240741711758	0.20104204747388585	0.19922821458460963	0.1982009717037077
0.20117394240769737	0.19998269923990303	0.20017707499380574	0.20088768114354538	0.19777860221504825
0.1994664260441771	0.20015252837506167	0.20019535139967876	0.20094888003126676	0.19923681414981548
0.20247751074954137	0.19882046059069758	0.20074660761904814	0.19946314835702608	0.1984922726836866
0.1995076411267494	0.19833543344664864	0.2002306075370119	0.20105531416563022	0.2008710037239596
0.20206523896556586	0.19896776072296735	0.19976666278555563	0.20050822370034327	0.19869211382556767
0.19974929464036548	0.1995981178961502	0.20167350598021996	0.1996302114447435	0.19934887003852067
0.2014241158648085	0.20029820908819032	0.20037929965187756	0.20019453666387124	0.19770383873125216
0.20308216089853323	0.19909781158329246	0.20016222543503406	0.19896622320774648	0.19869157887539352
0.20249673206412494	0.19891163375163368	0.1999159935145877	0.20083960900881453	0.19783603166083893
0.20202049755124676	0.19745778176814432	0.20130006633998204	0.19938310521428104	0.1998385491263456
0.19999885688298016	0.20012915168819936	0.20161737346216033	0.200379514994118	0.19787510297254193
0.20240009016866142	0.19846565317208248	0.19990264481538675	0.20077257373828264	0.19845903810558646
0.20055738888571573	0.19982581519657466	0.20092795403587135	0.20094786871558437	0.19774097316625366
0.20190150342379065	0.2005668991597318	0.20033822041605046	0.19884763442614398	0.1983457425742829
0.2002157036353725	0.19853700578138725	0.20087764403418404	0.20077091414837817	0.1995987324006778
0.20179277614795413	0.19841074104501663	0.2006995577959215	0.20030130256507991	0.19879562244602758
0.19971863130157427	0.2002375715966994	0.20003720765128769	0.1993639840740468	0.20064260537639164
0.20196243886271287	0.19920534958093697	0.20021572051932832	0.20066170502288116	0.1979547860141405
0.20195608688370223	0.1986393841000733	0.20060957084937014	0.1996674141789321	0.19912754398792198
0.2017042760633556	0.19804424907358753	0.2000414426727828	0.20014647633434932	0.20006355585592459
0.1997688800411404	0.19995761535519363	0.20113565586327364	0.20114008628625193	0.19799776245414016
0.20155186354090732	0.19823385087094278	0.2016722827065105	0.20068193379983554	0.19786006908180362
0.20153369435785437	0.19875680471735763	0.20029893227009105	0.19922959276113256	0.20018097589356418
0.19944485619436922	0.19856582481731014	0.2011160908743762	0.2004938298381732	0.200379398275771
0.20299595044671612	0.19881138378192834	0.2012096152672313	0.19886361481945447	0.19811943568466955
0.20039870458639186	0.1994125388542279	0.2001887066336393	0.20114780013200392	0.19885224979373678
0.20095409124913954	0.19964679964449936	0.201571751817277	0.2000007234572624	0.1978266338318215
0.20227454763475325	0.1991331706684917	0.20106645707450288	0.19908479635162904	0.19844102827062293
0.20180280073053417	0.19845803919521673	0.2004978959676176	0.199364446602086	0.19987681750454528
0.2003041855679158	0.19776148914224442	0.20007294342746676	0.20095517672309188	0.20090620513928092
0.20010072903244416	0.1994802463345459	0.2017463593894619	0.19959108660554833	0.19908157863799947
0.20107941689735798	0.20007931561586356	0.20000842348252368	0.19984306603412372	0.19898977797013084
0.20124344365991137	0.19979755634341803	0.20093569024664024	0.19928397345354742	0.19873933629648272
0.20206433624098366	0.1973780283873568	0.20145367349782092	0.201051402943116	0.1980525589307224
0.2015428642780137	0.1983437439671305	0.20124601591184876	0.1992334125749783	0.19963396326802849
0.20170481760184766	0.19752141329765893	0.20052831090471132	0.2002191331669121	0.2000263250288698
0.20188381559624485	0.19765670202980384	0.20152514505304642	0.20077302884101023	0.1981613084798944
0.20297050674191353	0.19884159959660175	0.19999883201089147	0.20000033400488693	0.1981887276457061
0.2013222937842932	0.19827711608644963	0.20003395183177444	0.1997130836943606	0.20065355460312187
0.20299624037408354	0.19804569720573784	0.20046221645775247	0.20091201380992874	0.19758383215249717
0.20039956608263815	0.19772499859966886	0.20090329108877653	0.2010137482351255	0.19995839599379076
0.2008373223217142	0.1998770139625277	0.201353588118201	0.19988599384558264	0.19804608175197425
0.20233656269364	0.19740054056645842	0.20174988094533966	0.19916275353503363	0.19935026225952804
0.19979987825738385	0.20054208072450364	0.2008525238527804	0.2003285937311418	0.19847692343419004
0.20307306126823335	0.19925819691840765	0.20058660566056424	0.19919497883204193	0.1978871573207526
0.20235377859258832	0.1975222567400823	0.20156463151230977	0.19890003326447167	0.1996592998905477
0.19974272690634942	0.19914991738788806	0.20160966939294608	0.19917351363114133	0.20032417268167485
0.20230272958011017	0.19899103885897274	0.20059285082342637	0.2003687072296387	0.1977446735078518
0.20102827830084619	0.1997967484172242	0.20066835860191326	0.19997751446641462	0.1985291002136015
0.20239590273057653	0.19860830325218584	0.2012670462939597	0.19963772566071789	0.19809102206255977
0.20134145885119326	0.19995926612812673	0.20077193422043252	0.1997537510435533	0.19817358975669397
0.20198860695268567	0.1979690343443568	0.20048335626823682	0.19909782582279256	0.20046117661192792
0.20295489960806373	0.19797555054621885	0.2011747638739012	0.20029896934519034	0.19759581662662565
0.20196584619342528	0.19877162974879592	0.20030752583674505	0.20007681461730412	0.19887818360372944
0.2029833050187033	0.19912362086175076	0.2008185309087491	0.19913015527227568	0.19794438793852093
0.20068711943988715	0.20007297216291334	0.20064424487430532	0.2008335979342512	0.19776206558864276
0.20092247347234668	0.19900281251389265	0.20161379602121274	0.19948115159979363	0.19897976639275408
0.20148809568117432	0.1980298858993114	0.20142357846023107	0.19927555412746722	0.19978288583181575
0.20294668516769945	0.19823008982606988	0.20067328432217307	0.19958404745161387	0.1985658932324435
0.2020143643106186	0.2000006498327181	0.20025047094817397	0.20025046849224254	0.1974840464162466
0.19962458011590253	0.1981317499698822	0.2006429604727883	0.2010991305812142	0.20050157886021258
0.1995474834458089	0.200416692388697	0.2003175482880785	0.2011161922044339	0.1986020836729815
0.20198796270245242	0.2000379975109802	0.20094542141712968	0.19928980750786796	0.19773881086156953
0.20148130531956535	0.19956713742860466	0.200956441145473	0.19916841178840183	0.19882670431795496
0.20185506788656427	0.19938284049100433	0.19990467497241274	0.19901664460074717	0.1998407720492713
0.2017780927290731	0.19890524767755804	0.20162186834438967	0.198837060989454	0.19885773025952497
0.20195406904512167	0.19790593550740798	0.20046883729802017	0.20002454827875696	0.19964660987069296
0.2001847182080413	0.19848560356581216	0.20107463077666055	0.2007829111391207	0.1994721363103651
0.20011118614896037	0.20024408649603231	0.20029131804698602	0.19943635958254693	0.19991704972547414
0.20173616292356403	0.19921853914544962	0.20109034067130496	0.19891888807834152	0.19903606918133962
0.20143932880351278	0.19901639229174733	0.2011320060245713	0.20076889455640493	0.19764337832376344
0.20296741694029982	0.19765647049241925	0.19992497354536398	0.20058443244498533	0.1988667065769314
0.2023581978014322	0.1988730047033395	0.20140420140350604	0.19961443647940139	0.19775015961232065
0.20024403650010086	0.20007261658358355	0.20116405296013048	0.20036343535863296	0.19815585859755191
0.20101325282995514	0.19905170805583827	0.19990652530374278	0.2010973938468673	0.19893111996359628
0.20152930487414714	0.19912918283269382	0.20086324567677627	0.19911231458615725	0.1993659520302253
0.20271619457557652	0.1983796274876844	0.2012901486561225	0.199848843080229	0.19776518620038738
0.19930947243783312	0.19974855653341939	0.2015301878120515	0.19907924996088297	0.2003325332558128
0.2011849555203708	0.20053226583149966	0.20000567268945846	0.19929657650915725	0.19898052944951364
0.20225345407489606	0.19899733916071807	0.201174320201772	0.19897879702415483	0.19859608953845884
0.2014486125168109	0.1987641455060312	0.20125432967308907	0.19891658025414982	0.19961633204991877
0.20237673545690735	0.1998308488757674	0.2000421404385909	0.19976710056948546	0.19798317465924867
0.20140259589917048	0.1994334611570906	0.2013171453663023	0.1990979561022394	0.198748841475197
0.2022187092792001	0.19897101172855855	0.20064522624666065	0.19958126716598548	0.198583785579595
0.20274147972310552	0.19970199053295457	0.20028905127879862	0.1998140629658206	0.19745341549932047
0.20210578668438847	0.20053474496059645	0.20073065160692252	0.19904167785433668	0.19758713889375568
0.20021197527613788	0.19836543626156342	0.2011232961338831	0.19958566130399874	0.20071363102441664
0.2006813369416069	0.19829501418429224	0.20109964418653667	0.20107083316963997	0.198853171517924
0.2026345366698027	0.19822362525459047	0.2008694508334666	0.20014839253614197	0.19812399470599804
0.2001888499787819	0.20052543950362187	0.20154857283091543	0.20005550957002663	0.19768162811665393
0.20220884942254927	0.19741695407461068	0.20166549697508368	0.2008057542885506	0.1979029452392055
0.20038880130613967	0.2005667482398652	0.20067836812610612	0.20056972285601313	0.19779635947187563
0.2028881922401879	0.19837837197262606	0.1999989548736811	0.1991102893386028	0.19962419157490188
0.20183815831293175	0.19932208088924308	0.20125844059492973	0.1992396654444875	0.19834165475840773
0.2010650835654042	0.1997747716669829	0.20135810168729223	0.19917368579203934	0.19862835728828107
0.20094819640752193	0.19979716927165314	0.20144170400959083	0.19955094152546665	0.19826198878576723
0.20221379018254695	0.19806386221135053	0.20147775652132066	0.19949659481289844	0.1987479962718832
0.20016605758724024	0.1991756869308076	0.20064066308379006	0.20059080032083748	0.1994267920773244
0.20051675332603247	0.19824219431883602	0.20139375908616983	0.20046153350320836	0.1993857597657531
0.20017596445517175	0.19941000764793926	0.20080524743735542	0.2008222028870248	0.1987865775725086
0.20174255589341167	0.19825871805581397	0.20102968615246086	0.20058806876724747	0.1983809711310658
0.20300481575315224	0.1984928388501055	0.20056319575412376	0.19976495447548542	0.19817419516713286
0.2015051165572578	0.19986346850748993	0.19988562607273389	0.19908478405189092	0.1996610048106272
0.20134186757999625	0.19829183140837278	0.20118836709807392	0.2007081850130621	0.19846974890049474
0.2010615495937009	0.2005206637696913	0.20118394979593296	0.1997253827076484	0.19750845413302623
0.2009192158316241	0.19771892590751036	0.20105214631506108	0.19973138900895912	0.20057832293684513
0.20042148882519725	0.2001685190590202	0.2012543794615719	0.1992828288238543	0.19887278383035611
0.2008767334144605	0.19755640764732202	0.2003175259035706	0.201061059898344	0.20018827313630266
0.20142391205716603	0.19919720067729751	0.20105622808257378	0.19886851200190378	0.19945414718105867
0.19950089015799016	0.19794547967099768	0.2013353067930754	0.2004031986980952	0.20081512467984133
0.1995292053024801	0.20061102115372798	0.20023553018277176	0.20016944005745252	0.19945480330356738
0.2008233216004754	0.1987481065789253	0.20018187152379804	0.19960344062442664	0.20064325967237442
0.20083572080490747	0.1995608829221746	0.2006752257775809	0.20116677645411854	0.19776139404121826
0.20134132348097267	0.19740601684830725	0.2000258193160047	0.20066431556698794	0.20056252478772724
0.20125629610400791	0.19823604290225263	0.20134567273625803	0.19882488267735937	0.20033710558012183
0.20262226003364325	0.19929741761227454	0.19988828771098918	0.19919605319718833	0.19899598144590447
0.20241466642034667	0.1983937088948546	0.20098571264980777	0.20001010541626238	0.19819580661872835
0.20109283914227571	0.19789537860961023	0.2010014621230251	0.20110722102077397	0.19890309910431475
0.20007252405312514	0.19858965350537253	0.20094873188411427	0.1995212370931171	0.20086785346427075
0.1995468806805064	0.19946717699727945	0.20070777949927063	0.1993930605733087	0.2008851022496346
0.2022626836794227	0.20013452698822112	0.19993395561111504	0.19893551389854633	0.1987333198226946
0.2029913172781331	0.19739822706917395	0.20045068140610622	0.1999507805410428	0.1992089937055437
0.20084392213470198	0.1983239209169271	0.20134306023488446	0.20021510909484333	0.1992739876186429
0.20021114900456105	0.2002478270237335	0.20128204570268043	0.19997613556255378	0.198282842706471
0.20057771549557413	0.20013253080233637	0.20135442404943849	0.1988174821217268	0.19911784753092396
0.2003825045094295	0.19822089659888406	0.2011205270009194	0.1993450116882554	0.20093106020251142
0.2002976301133834	0.19989509730346347	0.20017734974687362	0.19969482033595398	0.1999351025003253
0.20147102831075145	0.1996454759797463	0.2009104072326848	0.1992072158607736	0.19876587261604362
0.20189681873443455	0.19858744146752288	0.20097040875977365	0.19963345108281547	0.19891187995545323
0.20151001669378601	0.20016637392175676	0.20005517814869664	0.200454518141515	0.19781391309424534
0.20030054271680123	0.20059623274085614	0.2003000265021057	0.2009595604587008	0.19784363758153586
0.20096305396016476	0.19775861204993428	0.20104468119295146	0.20039260489660413	0.19984104790034515
0.20145638768646415	0.19904455934688775	0.200843451882382	0.19955634664262453	0.19909925444164134
0.20172461704109088	0.19940701911688885	0.20158073731270656	0.19979869359538877	0.1974889329339247
0.20033221466443543	0.199629397998069	0.20017309486411833	0.19925825014012066	0.20060704233325635
0.2019461967692845	0.1995598066780161	0.20056350278062668	0.1989902930931415	0.198940200678931
0.19933647346386194	0.20056950911283974	0.19989109988484738	0.20081205977895314	0.19939085775949755
0.20022713742910123	0.20067439622154756	0.2007183638640312	0.19879711420739243	0.1995829882779274
0.20086135697346685	0.19867805853227172	0.20146887804965977	0.20083913332604625	0.19815257311855522
0.20240569880913645	0.19859416683639441	0.20068363080430227	0.2007424715365413	0.19757403201362536
0.20159269446871503	0.19760411311223722	0.1997671192757958	0.2008600217279943	0.20017605141525743
0.20027458171190715	0.19840968162805986	0.2013799621806624	0.1992874553924541	0.20064831908691624
0.2001767221650745	0.19891433937942457	0.20094433464392758	0.2001737861003513	0.19979081771122184
0.19958327245396562	0.20020571137848003	0.20101864233875696	0.20053298993369664	0.19865938389510052
0.20138550858994753	0.19919567679767328	0.20007568645908752	0.20001897432108104	0.19932415383221042
0.2003044724356279	0.19939627007597338	0.2010037308386804	0.20114852016079357	0.19814700648892455
0.19996401574790731	0.19944393894531692	0.20145837076280262	0.19960824435518515	0.19952543018878777
0.2000940466377964	0.20038413525792997	0.20156647017920964	0.19892829308656862	0.19902705483849514
0.199512360864457	0.200393172493943	0.20084173437943195	0.200154850440067	0.19909788182210084
0.19994703265362543	0.19922387880038087	0.19995686328167045	0.2002585296875469	0.2006136955767761
0.2010836755950327	0.19841235340538643	0.2011187973813616	0.19958203683503192	0.1998031367831871
0.20117457614097173	0.19822590688707248	0.19990524234885765	0.20099574977058962	0.1996985248525083
0.20046974702869613	0.2001394468101186	0.20124722992606234	0.19988010190978917	0.1982634743253335
0.20240200313313952	0.19889649944251764	0.19976792433712612	0.20105834635521408	0.19787522673200245
0.20199889286549444	0.1987886570257334	0.20027476773705236	0.20064076255469046	0.19829691981702913
0.20196013706437008	0.1990798880567572	0.20046915573847968	0.19911834710835558	0.19937247203203726
0.20093083916307747	0.2006547203449746	0.2005070015281624	0.1988863780364888	0.19902106092729652
0.2014419413148642	0.20047035477435854	0.20141639629033425	0.19880546745526	0.19786584016518277
0.20237064871078472	0.19834218002342846	0.20032683627955586	0.20042757583469223	0.1985327591515385
0.20149451071514085	0.19910110145974053	0.20001152240207662	0.2009842298233749	0.19840863559966687
0.19953263528124984	0.19905886031743217	0.20073814634646212	0.19980016118950847	0.2008701968653472
0.2002180711671888	0.19849183709935253	0.20030067543446026	0.20108123764712849	0.19990817865186972
0.2004477869934126	0.19877069735806766	0.20160408267668706	0.2009126257948004	0.19826480717703207
0.20255679026144532	0.1990334262005342	0.20027950797116018	0.20016860335650244	0.19796167221035763
0.2007095214513789	0.1978659547351826	0.20080838046621685	0.2001140948088438	0.20050204853837764
0.2009839407601455	0.19916923464401562	0.20168996807828848	0.19933121802853576	0.1988256384890144
0.20109550772733747	0.19868342742304587	0.2012289686038468	0.1996348786504939	0.19935721759527575
0.20063879071629706	0.19926854789396992	0.2002118259576238	0.200612295254273	0.199268540177836
0.20071043106055902	0.19775116268734302	0.20153654623988304	0.1996476946064423	0.2003541654057724
0.20021548223339616	0.19906128793545652	0.20087220450714707	0.20103462911007836	0.19881639621392166
0.20000361360658253	0.20064535955548454	0.20037983614518196	0.20065960556484563	0.19831158512790512
0.2023378143561839	0.19759614032025088	0.20131324597835967	0.20046909542762176	0.19828370391758357
0.20040659729721536	0.19865957077996185	0.2014867510701661	0.19995960406871904	0.1994874767839374
0.20086184140916347	0.20064868972824343	0.2002452582677826	0.20053650598279402	0.19770770461201628
0.20122860699754314	0.19829411824497573	0.20018058195797853	0.20049161813341743	0.19980507466608496
0.20092491601038198	0.19913754411490006	0.20083817829460837	0.19891219542411706	0.2001871661559923
0.20074152219305477	0.19884987594392525	0.2015271075814034	0.19978548866017715	0.1990960056214392
0.20247089797316078	0.19864966410393045	0.2008276256224902	0.19964841711586187	0.19840339518455646
0.19990624755763325	0.1990433920830254	0.20152615438222457	0.2009850891121317	0.19853911686498485
0.2022215011486268	0.19872877777785727	0.19999862467563034	0.19939817765850887	0.1996529187393765
0.20098993932890027	0.19818115288149593	0.20170686405904956	0.19903405627787266	0.20008798745268136
0.20041268287584202	0.1974469108997924	0.20168208305546104	0.20023127233001145	0.20022705083889283
0.1999017912537135	0.2001138126359446	0.20033733138064624	0.2006441005083804	0.19900296422131503
0.20190393821247107	0.19830309002820712	0.20069160666389754	0.1990887264782332	0.20001263861719085
0.19949638772477923	0.1982959711977883	0.2017007928604557	0.20093309167534334	0.19957375654163317
0.20301316100417224	0.19791482998704377	0.20049478172110696	0.2008852966322144	0.19769193065546237
0.20011130637625035	0.20044359159734979	0.2006397117602917	0.1994280065552451	0.19937738371086286
0.20006488054289717	0.1986173184784607	0.2014076801120386	0.20040842613233162	0.19950169473427168
0.19956595095344448	0.19980615748146172	0.20032526384969057	0.1996603004676946	0.20064232724770842
0.2008116908097496	0.19744903432750877	0.20094144061403518	0.20002142283077692	0.20077641141792932
0.201004084349417	0.1981511065096025	0.20098009595819882	0.20003562870212194	0.1998290844806595
0.20023086027512513	0.19906444281900634	0.2012698378516796	0.20106744671103324	0.19836741234315544
0.20058344655637775	0.19911409979269193	0.2008203366375458	0.200544277424688	0.1989378395886963
0.20079881076548917	0.19994167185508024	0.2013636585161731	0.1989785532065467	0.19891730565671054
0.20071217267685335	0.19915568208178533	0.20126651920486396	0.19882942430306227	0.20003620173343487
0.19961358235842827	0.19895047918780956	0.20168784898386974	0.20113245400340007	0.19861563546649214
0.20150608408457066	0.19784632233845365	0.2011282255207042	0.19922983675929998	0.2002895312969713
0.20286115353461467	0.1979283010942984	0.20098171756242336	0.20003501362907578	0.19819381417958756
0.20056941208578025	0.19870636538680006	0.2012661475547987	0.19999459481682744	0.19946348015579332
0.2005767318228213	0.1993599886695832	0.20167282605505005	0.19909946153826003	0.1992909919142852
0.20149071964303536	0.1991966671900551	0.2005650339394039	0.1990232622226869	0.19972431700481852
0.2001689639746346	0.19923852958632896	0.20028248088588885	0.19973106030192114	0.2005789652512262
0.20124995117438887	0.19838067142210591	0.20008155021319976	0.2002927425345682	0.19999508465573704
0.2009999323339806	0.2005157720593727	0.20006930979695547	0.20095697233397652	0.19745801347571446
0.2023911862239016	0.19941564427372424	0.19978935378888896	0.19891759655766567	0.19948621915581935
0.20007360486906328	0.20026923684064496	0.2005032804136943	0.2008048259984209	0.1983490518781763
0.20183673958439088	0.19917504072467143	0.2016750982951756	0.1992539223905277	0.19805919900523417
0.20169876493925126	0.19874687087574444	0.20069077060263377	0.19986018240680728	0.19900341117556303
0.20263699994415924	0.19896587087160164	0.2009672175226487	0.1999650502065431	0.19746486145504707
0.2013298747865303	0.19980528624013744	0.19995262123118202	0.20115586391175994	0.19775635383039009
0.20129099911088957	0.19756103699698016	0.20161370369000517	0.2003568304424045	0.19917742975972041
0.2017692797307061	0.19997821583632128	0.20009728133953011	0.20040538252587353	0.19774984056756875
0.20295035984416607	0.19800000643550456	0.20152696602351716	0.19909424588144783	0.19842842181536416
0.19959715180011375	0.19891247650475843	0.20122001013535432	0.19960488456516381	0.20066547699460946
0.20261975231314547	0.19748129489026456	0.20067278317259757	0.20088623512622103	0.19833993449777115
0.20095049262805809	0.19739607239698945	0.20173104387336732	0.19927730351895923	0.20064508758262567
0.20051301586529977	0.19832535715361146	0.20008635065885377	0.2005481603756705	0.20052711594656425
0.20077465601672978	0.1998002559384573	0.2012459161483026	0.1988930097721864	0.1992861621243237
0.20096364331617672	0.19992634688734828	0.20096108313906902	0.19933740562354033	0.19881152103386546
0.2013135904124999	0.1987541671430508	0.20039236487598888	0.2001708323213174	0.19936904524714277
0.20073628358439358	0.199649823751157	0.20096015227068173	0.19890540700647824	0.19974833338728923
0.1999138615072613	0.19960273514123342	0.20048599374201526	0.20109067650422122	0.1989067331052686
0.20236077289021165	0.19807563507013737	0.20045222100584326	0.19891777636385308	0.20019359466995443
0.20259607180603784	0.19880579733889228	0.20057895527938413	0.1988588706159041	0.19916030495978146
0.20171103234398902	0.1990330004663428	0.2015649633771472	0.19957105594511262	0.19811994786740814
0.20101937756962887	0.20019456530826782	0.2016127899970536	0.19930869853300515	0.19786456859204432
0.20174969206808582	0.20048790539034775	0.2000002620800646	0.19975893701516742	0.1980032034463342
0.20272439569685546	0.19745365650122684	0.20033032762910719	0.19909862326058034	0.20039299691222998
0.20058835778083736	0.1999790344912754	0.20103701231219342	0.19904854824033552	0.1993470471753581
0.20212379313965229	0.19871572262477954	0.20054211308345174	0.20044049782724865	0.19817787332486755
0.20122899210612777	0.1987098318665612	0.20020532921367895	0.19932892554142792	0.20052692127220398
0.1995629425545889	0.1992756455796614	0.2005569250629084	0.20005667985918268	0.20054780694365842
0.20113971007294973	0.19851555827580084	0.20087384622820958	0.19887286297197862	0.200598022451061
0.2028193570386344	0.1986063231745469	0.20004104384237784	0.20046399418348057	0.19806928176096003
0.1997067418345169	0.19995533523499073	0.20145929210730457	0.200446966565798	0.1984316642573896
0.2026186279903792	0.1990788261409866	0.200276356043944	0.19910757645294577	0.1989186133717442
0.2010221217771416	0.19830889903832286	0.2006475874097473	0.20100716529825854	0.1990142264765295
0.1995036276464336	0.19831261713644727	0.2012271715800956	0.20032656097753443	0.2006300226594889
0.2011061933487789	0.20023310225462163	0.201583478231849	0.19944064262956107	0.19763658353518918
0.2011261265875402	0.19924024678598642	0.19982742770786033	0.20077059411680953	0.1990356048018033
0.20012179080104178	0.19752320168132625	0.2014594781640238	0.20028524687552188	0.20061028247808607
0.20022627303005489	0.19801945273993432	0.20097697215136887	0.20070473408916387	0.20007256798947784
0.2000040031221965	0.20043528788862322	0.20169718686068097	0.19974392885412914	0.19811959327436993
0.2006975825061157	0.19944259785992388	0.20095680542930247	0.20038479940682927	0.19851821479782847
0.19992089506295538	0.20029279883398937	0.200443708300863	0.2000947518930091	0.19924784590918293
0.2022051740856659	0.19750023305228667	0.20052998883950238	0.2010524431509123	0.19871216087163251
0.20180549465026948	0.1982271107680365	0.20082626320688982	0.1990159945974308	0.2001251367773732
0.20008943877560462	0.19959400658676654	0.1998464445323105	0.19991806666967318	0.2005520434356449
0.2006069857901081	0.19908972759139074	0.20146788724558087	0.19927392919717143	0.19956147017574863
0.2005423055267772	0.19990784114331192	0.2002272768465381	0.19902577569939392	0.20029680078397863
0.20006117374659804	0.20007777898196186	0.20092636218844986	0.2003810361539697	0.1985536489290203
0.20181951111220006	0.19771000437813652	0.20098367067357137	0.19903984053684431	0.20044697329924754
0.20154894527463152	0.1988235632218413	0.2011173667767126	0.19981994327429464	0.19869018145251974
0.20141716764124526	0.19923867828454658	0.20027378122852407	0.20033487696162933	0.19873549588405454
0.20193654518954568	0.1999761830060616	0.20023646332220454	0.1994068886053611	0.19844391987682686
0.20174556049154097	0.1989785101175335	0.2006800185384975	0.20114904628212069	0.19744686457030708
0.20175825493205626	0.19758569168985837	0.2010904214138189	0.19933283197505194	0.2002327999892143
0.20182014213776128	0.20000164222666098	0.20144055033870706	0.19901978790680988	0.19771787739006058
0.20159182098221362	0.19919515877866328	0.2001885141923504	0.19929630390430675	0.19972820214246573
0.20302850185578605	0.1973900207085588	0.2003473445372874	0.20027896809307758	0.19895516480528994
0.20178485585502895	0.19874806131779155	0.2003366805016861	0.19928698509662945	0.1998434172288637
0.19995663980491654	0.2001733167836679	0.2004228557227872	0.2006987443597827	0.19874844332884545
0.19941184302508583	0.19945193341970963	0.20016411857156913	0.20015647928079938	0.20081562570283584
0.2013522889125628	0.1991860781802843	0.19984424472480344	0.19997548036593904	0.1996419078164102
0.20195612817917324	0.1975237846086209	0.2001821615388293	0.19948181636350734	0.20085610930986894
0.20016596867695735	0.197758086647271	0.20099393923836684	0.20021439379722705	0.20086761164017758
0.20052116491144972	0.19849209944863805	0.20108432332605464	0.19904903100172996	0.2008533813121274
0.20290072946075488	0.1996730378481001	0.2006585913029974	0.1989392204821121	0.1978284209060353
0.20256207909126125	0.19808069180066784	0.20122775085938535	0.19882434528608947	0.19930513296259586
0.20134345733696973	0.1979211928357552	0.2007769542527541	0.20032845792086418	0.19962993765365655
0.20010286208203867	0.20013672387247103	0.20080950531404634	0.19966246219593123	0.19928844653551248
0.20261821649471864	0.19842129576658016	0.20055016013864752	0.20067373600093927	0.1977365915991142
0.2005853573235242	0.1992445832949153	0.201166118835897	0.20094542170695306	0.19805851883871026
0.2000278605326766	0.19962916981830273	0.2006823982970374	0.19917655000220857	0.20048402134977447
0.20207056511168822	0.1981596714773169	0.2014202265194892	0.1999405280804008	0.19840900881110465
0.2002591149290672	0.19885029929417877	0.20126862091678702	0.20061821803594268	0.19900374682402414
0.20015132550361223	0.19874920421088468	0.2002416973586662	0.2003090960976401	0.20054867682919655
0.20111651168778688	0.19832121657092772	0.2007853814383905	0.19958991206295915	0.20018697823993556
0.20041304422053113	0.19932112089169726	0.20054996907929418	0.20088769796872047	0.19882816783975674
0.20282902802485475	0.19970667290906707	0.20063192958642087	0.19922016204273482	0.19761220743692223
0.2015516716678022	0.19961480595326017	0.19993815604422843	0.20003797884725466	0.19885738748745435
0.20168458996722866	0.19850278577231176	0.20007446205064283	0.2008892886177424	0.19884887359207407
0.1998417430980537	0.20047558432013932	0.2006246507090534	0.19967889319589838	0.19937912867685503
0.20156774885799417	0.1994739630158677	0.2007106127676837	0.20073589698944266	0.19751177836901154
0.1994630303841674	0.19956033707667195	0.2015044205393951	0.20070686214964914	0.19876534985011618
0.20179749322658996	0.19990784012621485	0.20076539210467784	0.1992443582961799	0.19828491624633723
0.2007879615364842	0.19837704679156856	0.20058185089153197	0.19958936996476678	0.20066377081564823
0.20124322231358455	0.19769495971092269	0.20145083007529896	0.19892952163960073	0.20068146626059286
0.20174275549417575	0.19945351546095988	0.20019472238942693	0.200986675446057	0.19762233120938022
0.20039354245879942	0.20052141825505537	0.20079995963361136	0.2000129567047429	0.19827212294779073
0.20227932183124503	0.19870126345082084	0.20144321032985918	0.1991342975862704	0.1984419068018043
0.201454667824608	0.1977859544701673	0.20068469240712564	0.19942931639343767	0.20064536890466117
0.20080762434730612	0.2002014130853721	0.20102313709101935	0.20026088270046138	0.19770694277584086
0.20225221889285672	0.19826529937517706	0.2012696437004739	0.19886322086995362	0.19934961716153848
0.20005250770590596	0.19863472379650476	0.20093002118612072	0.19961275489428745	0.20076999241718088
0.20111560545658388	0.19827110906754342	0.20078140050756257	0.20110451468468285	0.19872737028362705
0.20200162233738314	0.19826884842197368	0.20163564937849598	0.199584652559637	0.19850922730250997
0.20107309442225707	0.19812923065193863	0.2017144059764271	0.2004348982367113	0.19864837071266567
0.20308213416882792	0.19919458090437522	0.19989134554036522	0.20002357659699987	0.1978083627894315
0.2009755658758063	0.19962285994243983	0.20118415356190367	0.19997290234399762	0.19824451827585235
0.19986860757959948	0.19834795811352376	0.2006068899754035	0.20033515924730688	0.20084138508416616
0.20129886427770813	0.197594132759402	0.20094946985590872	0.20073144420473976	0.19942608890224117
0.2010421936995389	0.19971081508513003	0.1998402470852717	0.19967468848153686	0.19973205564852226
0.2003792075371019	0.19902531572541846	0.2000676354603738	0.2003213818330587	0.20020645944404694
0.19932734766527538	0.19916626143255875	0.20038215923171537	0.20018823502050162	0.20093599664994866
0.20022245377800044	0.19973029971863276	0.20034180459538245	0.2009261530375973	0.19877928887038682
0.20087927466132474	0.1974433362865722	0.2011229120525247	0.20008137868789103	0.20047309831168708
0.20214352321026116	0.19933220076315675	0.19981863714123968	0.2007417144933686	0.1979639243919736
0.2026107827340298	0.19834609373817227	0.20002394987221192	0.19999115895007852	0.19902801470550724
0.20176538203172928	0.19764426194779486	0.20092002710798976	0.1993262044137189	0.20034412449876698
0.20210056710795402	0.19890079801111346	0.2001636563516383	0.20061772035142283	0.19821725817787117
0.1996982318550196	0.19829389858804822	0.20120935173164717	0.2004403462021366	0.20035817162314823
0.2013957234163336	0.19912470562649148	0.2007394377382181	0.200923150480722	0.19781698273823461
0.202420273063268	0.19883549634379263	0.2016028127883371	0.19903024085751542	0.1981111769470866
0.20268502799961347	0.1975890704031573	0.20074474325734104	0.20011061627671858	0.1988705420631694
0.20080137280464153	0.19888741572988972	0.20174228112680945	0.19962205435789665	0.19894687598076244
0.20169984506342648	0.19839283503266988	0.20055603004385186	0.20076852452707167	0.1985827653329799
0.20011768376002273	0.19813127157377033	0.20049832198927053	0.2008700984793799	0.20038262419755629
0.2017839764681933	0.19950148804851017	0.20094297049919493	0.20004620861554073	0.19772535636856065
0.20237120483673363	0.19793336749894822	0.20053738519495234	0.20116121837424827	0.19799682409511732
0.20136889224232016	0.1979731083778326	0.20156108210006193	0.19922469773349571	0.19987221954628936
0.20104315508684392	0.19984378062797534	0.20059033520915762	0.1991230114930561	0.1993997175829668
0.20229594102334247	0.1977318992892546	0.20157916774730403	0.1992223274100281	0.1991706645300706
0.2027626751825174	0.19797325569102994	0.19989732707359453	0.20100429319269458	0.19836244886016333
0.20279595619313728	0.19807606649206774	0.20036429531592512	0.19908134624579746	0.19968233575307218
0.20036081547289045	0.19966450586814952	0.20138404345328786	0.20074981726338875	0.19784081794228323
0.20218797407977881	0.19751284285620319	0.20123223412586744	0.1990961925335744	0.19997075640457593
0.20187406956590273	0.19846145528172046	0.1999539240521177	0.2009981031587907	0.19871244794146817
0.20053573016888465	0.19956666734129277	0.2005474414332339	0.20003141433144506	0.1993187467251434
0.2016354606696983	0.1984593498901364	0.1999503971697235	0.1993146454638967	0.2006401468065449
0.19983255451345425	0.20038675717653537	0.20023887399197723	0.1995244501743445	0.20001736414368843
0.20075507231283926	0.19983687389925964	0.20087233182135628	0.1996532012652285	0.1988825207013161
0.20201899762537728	0.19802684020601022	0.20041914176525985	0.20115003263363845	0.198384987769714
0.2027348421994831	0.20027487165743493	0.19976379356676072	0.19911658663511966	0.19810990594120137
0.19966732634139406	0.19893025200743952	0.20175782664080716	0.20026151987377078	0.19938307513658826
0.20160134242019417	0.19898114582034032	0.20098754282527934	0.20092501375359018	0.19750495518059577
0.20023040744119333	0.19932391443864914	0.20038880949899304	0.20003264026168674	0.20002422835947753
0.2003821795469795	0.19915284479889073	0.20071046187607797	0.20054344437819144	0.19921106939986014
0.20067154253437655	0.20027034626761434	0.20021974650017996	0.2003686796810412	0.19846968501678774
0.20167939223376283	0.19886294045148992	0.20071506322010102	0.20060246750046878	0.19814013659417723
0.2008126654308415	0.1992069390386959	0.20103665059604817	0.19996524389669534	0.19897850103771886
0.20047553698448103	0.19964108101091455	0.2008906790787053	0.20073251910692316	0.19826018381897573
0.20061019703698973	0.20005055155978316	0.2004936478779395	0.19889649944031834	0.19994910408496902
0.19980576426755245	0.19995290519785	0.20043479878532433	0.20022603309998868	0.19958049864928432
0.20071565287953613	0.19891685958665317	0.2015769702340265	0.20045802354731482	0.19833249375246917
0.2002668173975661	0.19932280293309762	0.2005890260920245	0.19957967466426105	0.2002416789130505
0.19962950687096226	0.19898633906876498	0.20093961405903846	0.2003137779868157	0.20013076201441837
0.20115838109498885	0.19969497132742947	0.20103588254678315	0.19949429099764313	0.19861647403315522
0.1994495585037192	0.20056494209622858	0.20079333809876806	0.2002232223767325	0.19896893892455142
0.20059141966220057	0.1983997991081695	0.2017434302860322	0.20065407837147095	0.19861127257212657
0.20182262389271047	0.19823917619070705	0.2012160451476731	0.2005146396432381	0.19820751512567106
0.20297644075795898	0.19800357366820212	0.20007453787081816	0.2000458151371728	0.19889963256584772
0.2020223852232401	0.19886640131147781	0.2003864816320711	0.20008775992713992	0.19863697190607088
0.20168442359186914	0.199662896894886	0.2001853870116472	0.19984639942180385	0.19862089307979358
0.20123656594979816	0.19936361635206548	0.20021883633869017	0.20044671367833125	0.19873426768111468
0.2010187540144973	0.19958177119777246	0.19978192056217906	0.20113230473149657	0.1984852494940544
0.20231066221973507	0.19748283532864808	0.20107252812773288	0.1999295904657792	0.19920438385810454
0.20271969419561414	0.19797899301278776	0.19994815326070367	0.19893341027400802	0.2004197492568862
0.2008232123383556	0.19838696774846995	0.20104588091795403	0.20079498746016228	0.19894895153505796
0.2013352337394798	0.1991438405722061	0.20115079490566237	0.199804725359238	0.1985654054234135
0.2012974830787404	0.2004233226979224	0.20018329892313025	0.19879103572030615	0.19930485957990057
0.20217963141335643	0.19747844924176236	0.2001405126583102	0.2006559250602691	0.19954548162630167
0.20230222831323408	0.19918977270120866	0.2011877122102652	0.19950266634658329	0.19781762042870857
0.19987428385654482	0.20049173111372418	0.20158923461484296	0.2004099021897115	0.19763484822517635
0.20127534429987434	0.19869534679303516	0.20030915453011497	0.19956588321638488	0.20015427116059042
0.20175087952192078	0.19928501408983623	0.20025631561066506	0.2010156037636907	0.197692187013887
0.2011875018129232	0.199632837252179	0.2002863031988355	0.20053632904871438	0.19835702868734773
0.20008560132895592	0.20027477069259045	0.2010363320222075	0.199154308823207	0.19944898713303888
0.20047539038404183	0.20021753477642665	0.20104467639161747	0.19912550808069165	0.19913689036722218
0.19989338956710284	0.19923456263717773	0.2016501736401452	0.20084278708768682	0.19837908706788718
0.20083162916364802	0.19990200008856351	0.200260961762405	0.19943198222192685	0.1995734267634564
0.20118445116755623	0.20036189717090103	0.20014875719359315	0.1997505076861702	0.19855438678177914
0.20153204030678612	0.1979313925723209	0.20169853487994754	0.1997132642356488	0.19912476800529644
0.2007025406528344	0.19918972313532596	0.20084473674706232	0.2006287766830381	0.19863422278173898
0.20021150069100685	0.20029484398624184	0.20166423525422014	0.20029916687206228	0.19753025319646866
0.2023609707920444	0.1977139854560638	0.20101103629948325	0.1997426238910202	0.1991713835613881
0.19952495016201413	0.20028847678225262	0.200366242933008	0.20067711345213818	0.19914321667058685
0.20124237916798618	0.2002861499791238	0.20008850528019856	0.2007608099154964	0.19762215565719482
0.1999053910929553	0.19976292987038388	0.20054110178447132	0.19958091544472178	0.2002096618074675
0.2011951034278955	0.19847873398889443	0.2011915347235091	0.19987705819100138	0.19925756966869937
0.20193060939833135	0.19989672528040828	0.199774912781346	0.2007032179310159	0.19769453460889827
0.20056391712729676	0.20031055666635444	0.20002804999547413	0.2001373272370598	0.19896014897381462
0.20207772332514726	0.198593547298146	0.19977193662312662	0.20107215250813104	0.19848464024544885
0.20025283017051948	0.20035208724503833	0.20094011201183393	0.20063894676496877	0.19781602380763924
0.20113371000324293	0.198108108762906	0.20072782725652868	0.199958761595788	0.20007159238153419
0.19946225959318598	0.20031829539851426	0.2011275168032398	0.20107406585886226	0.1980178623461975
0.2017973758250239	0.19809943931786783	0.2015321429101434	0.20046403702531485	0.19810700492164976
0.2012812596142563	0.19827837233042062	0.20165975293448235	0.20101503905682325	0.19776557606401726
0.20019532712632016	0.19966706880506963	0.20070313614149385	0.1993640237872174	0.20007044413989872
0.20085458896795874	0.1988601644258574	0.2011412037345257	0.20044142460445116	0.19870261826720678
0.1995162636391384	0.19940883564382506	0.200304707849612	0.20090276997752674	0.1998674228898976
0.20098696218979867	0.19886476659095778	0.20067655321800643	0.19999810044990765	0.19947361755132925
0.20235631053891287	0.1987742969164152	0.2012794816510397	0.19916425473733002	0.19842565615630195
0.20056068106437	0.19805937616619765	0.20052587042951175	0.20005717458179556	0.2007968977581248
0.20161206955156263	0.20040736723218547	0.2000901247546908	0.19915617987959164	0.19873425858196928
0.20262950107009933	0.19864642335912427	0.19995847441170983	0.2000513769175622	0.19871422424150414
0.20247659533160997	0.1978450245061515	0.20081557836441735	0.20106243293935758	0.1978003688584634
0.2025260965192014	0.20011924666871736	0.20041365765876037	0.19934827239480793	0.19759272675851272
0.20025160748571288	0.1973838595063288	0.20173917326994317	0.2006862976397208	0.19993906209829412
0.2000716732385923	0.1988529778863971	0.201195347002621	0.20058868597578558	0.19929131589660382
0.20273773060181122	0.19839373680527647	0.19987692466191206	0.20080433245261575	0.19818727547838427
0.20242836662525737	0.19749078734527525	0.2008891539249327	0.19921106130031715	0.19998063080421727
0.2006339872819366	0.20032600956751684	0.1999399860144323	0.20059568715318707	0.198504329982927
0.2014644167841703	0.19813965671344644	0.2012593478320094	0.19983155077752587	0.1993050278928478
0.2013832080447698	0.20018389694835936	0.19979303243998572	0.20057415505429313	0.19806570751259173
0.20148851148995736	0.20033436115673584	0.2012181338306849	0.19895911306175945	0.19799988046086223
0.20283326504068666	0.1988941425360816	0.19977561225911455	0.19984156766747682	0.19865541249664015
0.20178558693484358	0.19904640314266167	0.2016610957037176	0.19920161893545002	0.1983052952833269
0.2013927752971127	0.19917617887567002	0.20005904246387435	0.19936551185355667	0.20000649150978606
0.20191420941534838	0.1979902054282661	0.1999204179559761	0.19948174698628077	0.20069342021412845
0.20061814324696906	0.19784426855213091	0.20166919360437893	0.20062417551419875	0.19924421908232212
0.20137791273383382	0.19963273324947667	0.20135299800657427	0.19880416316853722	0.19883219284157777
0.20032755387679743	0.1999973197458417	0.20053875146680908	0.20090187823407638	0.19823449667647516
0.2012929733093375	0.1994282410995381	0.2006163422702963	0.19922274743150098	0.19943969588932692
0.20250087473847567	0.19920818841154286	0.19992795369697672	0.19916229594913668	0.19920068720386785
0.20139180415474658	0.19817736921385115	0.2007403240768307	0.2003666492728794	0.19932385328169192
0.2018867417453423	0.1991832008792211	0.20080476001862452	0.19987404637867082	0.19825125097814106
0.20277774216470448	0.19781600572340072	0.19975919628001912	0.20032431594952263	0.1993227398823528
0.20123950586042522	0.1982515463830199	0.20127035592135567	0.20052495843715265	0.19871363339804635
0.20021356216731825	0.20042866998016068	0.20041396487575516	0.2002782520794525	0.1986655508973132
0.20043844127768942	0.19827673830788436	0.20137731269652775	0.2000545079198506	0.19985299979804763
0.20072130412827166	0.1981078311030035	0.20108214675466482	0.20007552571520096	0.20001319229885883
0.2019230029337023	0.19923288231281552	0.2002760923405597	0.1997162232258397	0.19885179918708254
0.201914974666264	0.19743809413252703	0.20035165926293422	0.20084473124411698	0.19945054069415755
0.20141741119031495	0.19816534796631988	0.2014366792410248	0.1996238520205639	0.1993567095817763
0.2010538511480281	0.1980389864505283	0.20026868612216928	0.20020053293326956	0.20043794334600454
0.201587276806321	0.19755188605134436	0.2006300600964972	0.20072016803310383	0.19951060901273343
0.20222941749753232	0.198950699916417	0.2004212067287281	0.19939230470221028	0.19900637115511208
0.20026768860734162	0.19966645326870383	0.1999312494181568	0.20073492605942986	0.1993996826463677
0.20047121594818482	0.20033858548853978	0.2002229581709389	0.19923687141195476	0.19973036898038152
0.2030146286390682	0.19848396337500582	0.20004112164792914	0.19924675929445332	0.1992135270435433
0.20101104341412368	0.1994461525795519	0.2007855824584507	0.20026995230081052	0.19848726924706298
0.20081290734835883	0.19802518904256403	0.20073524262414044	0.20086051594285773	0.19956614504207873
0.2021363727817019	0.19915650328804732	0.2010419736220687	0.19909381954344688	0.198571330764735
0.20146444737575708	0.19917718227604486	0.20144619608716122	0.19941552655112726	0.19849664770990938
0.2027233291139046	0.20063827576514706	0.20003842838124797	0.19902559532495587	0.1975743714147443
0.19982729607053878	0.20001525111639074	0.20089918302830645	0.19925740092830568	0.20000086885645812
0.2022920478128063	0.20003411888891737	0.20043983822221242	0.1990930874726903	0.19814090760337338
0.19930340430874297	0.19875644787096972	0.20015961951185907	0.20106375391424466	0.20071677439418337
0.2018730449279667	0.20012488417166233	0.20006920682078064	0.19993898901651921	0.1979938750630709
0.20282245335554172	0.19824654787988902	0.2008004527261552	0.20016168290919184	0.197968863129222
0.20232418880594796	0.19975746438986092	0.20052899508328054	0.19924044513203606	0.1981489065888743
0.20235536694907866	0.19805058074596602	0.20075029551744314	0.19930092052928644	0.19954283625822555
0.20306340086178643	0.19808874040356472	0.20170657638851608	0.19903481158660463	0.19810647075952792
0.20268837309904056	0.19822058097299675	0.20028109383812948	0.20039000138677995	0.19841995070305304
0.20169106162887862	0.1995799410866513	0.20141186172943346	0.1997559479632917	0.19756118759174468
0.20167819481788085	0.19814381720087706	0.20142872516363725	0.20093843271226455	0.19781083010534006
0.19944272586311262	0.19996074491276494	0.20038097232016958	0.2008469401179644	0.19936861678598827
0.20022553437656462	0.1987788467673787	0.20058586432255032	0.19950254364145267	0.2009072108920535
0.2010998451207094	0.2002742426905765	0.20046883032238555	0.2003480267912201	0.19780905507510826
0.2024044842267657	0.19743077033021222	0.200234929700084	0.20103080710572216	0.19889900863721569
0.20046090878558073	0.19922193001779442	0.19989819010707893	0.19957058770304242	0.2008483833865033
0.20172465803155804	0.199100543927531	0.20019875528016043	0.19946407917872958	0.19951196358202075
0.20249350461430854	0.19804257363889013	0.20061529087200658	0.20010792942050246	0.19874070145429207
0.20162105760916	0.19843999958457265	0.2006079053941117	0.20115299052304456	0.19817804688911086
0.20128934312857125	0.19988300555651883	0.20067774098126284	0.19934534150794925	0.19880456882569764
0.20282394510848836	0.19814899587224777	0.20087804897400285	0.19913400453712599	0.1990150055081348
0.20092746289568417	0.19949731156083683	0.20018206608293213	0.19897666684299634	0.20041649261755032
0.20169142716260713	0.19917636774863348	0.20123076074766674	0.198867523291773	0.1990339210493194
0.20128769037596972	0.19891402081276338	0.20107718476459285	0.20005765141831294	0.1986634526283609
0.20305611832743087	0.19795071310102558	0.19983023871557887	0.1988940364915843	0.20026889336438017
0.20131023217258792	0.20016975990223704	0.1998457170491274	0.20047198141765896	0.19820230945838843
0.20007921998470093	0.19988611019520394	0.20026309599706135	0.1998685881167388	0.19990298570629475
0.20045596726325654	0.19903719653734425	0.20114409360393282	0.20018131329568029	0.19918142929978588
0.20281202129808218	0.1980607142407972	0.20134632972902702	0.19973218306003854	0.19804875167205485
0.2005970295217246	0.20023391680047092	0.20119541853353573	0.1990814208924256	0.19889221425184292
0.2020871020793722	0.19780073796932068	0.20002516236234927	0.19948833512735833	0.20059866246159933
0.1998463516206358	0.19877445602798266	0.20065980575458273	0.2001016823636791	0.2006177042331195
0.201992672131975	0.20001169233577312	0.20005929903340194	0.1991399252783126	0.19879641122053715
0.20096729868221125	0.20054998678828906	0.20157640782134018	0.19880764100717577	0.19809866570098353
0.20063045655183684	0.19910064511577114	0.20023035923147203	0.19926875871752436	0.2007697803833954
0.20084790873980896	0.20054538316705764	0.20003478781202708	0.1988246255358757	0.1997472947452304
0.20190839182349915	0.19959538395211032	0.2017447973657185	0.1992396095213828	0.19751181733728898
0.19940935049937047	0.20037535263216852	0.20088211797085603	0.2004188742479095	0.19891430464969528
0.20264802285391764	0.19754492444866495	0.2012776095996089	0.19946778068681087	0.1990616624109974
0.19934632201107963	0.2005374941999992	0.2012045832868528	0.20008953567938517	0.198822064822683
0.201868671177823	0.19797487343908798	0.20149872659343573	0.200168210422667	0.19848951836698606
0.20198887936227028	0.19818620332108208	0.201140464878633	0.1991515921679753	0.19953286027003914
0.20195022299385068	0.19933314240672695	0.2012094358357315	0.19968169867422592	0.1978255000894647
0.19942929479626323	0.20045717340733757	0.20100576883293617	0.19949432160965277	0.19961344135381004
0.20202955938325118	0.1974109431819188	0.20153412445823304	0.19952838200907164	0.19949699096752513
0.19960545388172346	0.19801400490591464	0.2015805262025423	0.20005034857063675	0.20074966643918263
0.20271094584658486	0.19829595889471585	0.20017818042666813	0.19892454200086804	0.19989037283116293
0.20213989122412876	0.20035797093995575	0.2008759850219651	0.19893031556499208	0.1976958372489581
0.20093149105024105	0.19859974825381496	0.20029548359720575	0.19958374555002775	0.20058953154871023
0.1995148947939831	0.198545208668292	0.20107104127406272	0.20066964144627963	0.20019921381738232
0.20158251732767127	0.1975332722427549	0.20050707430920292	0.20039158882916125	0.1999855472912094
0.20080528629270492	0.1996410270712356	0.20088399749725447	0.1989323590989602	0.1997373300398446
0.19939306101947282	0.19962158553550186	0.20083121287772437	0.19996487142470254	0.20018926914259821
0.20261166557010193	0.19855813113444215	0.2013924994551123	0.1992092727119794	0.19822843112836397
0.19974676809548264	0.20011437675721655	0.20066329379328474	0.19922159441020382	0.20025396694381206
0.20297220646502526	0.20050573675432284	0.199835615137159	0.1992024298790763	0.1974840117644164
0.2026104531155515	0.19848252676049583	0.19982933102513234	0.1988746746633456	0.2002030144354745
0.20109347461281551	0.19761434292265123	0.20169693787705562	0.19985745348493106	0.19973779110254639
0.20130744376276977	0.19834595982401565	0.1998380797516575	0.2007004909203929	0.19980802574116394
0.20175594963948368	0.19984351898048158	0.199783766362634	0.19955455691173088	0.19906220810566963
0.2022407629170575	0.19791433427630659	0.20059824012458916	0.20055869174224603	0.19868797093980053
0.20062412667223273	0.19892436942680086	0.20112126771947753	0.20060420406106974	0.1987260321204189
0.20271267475706398	0.19956796742792982	0.20022694977177266	0.19895014993983143	0.19854225810340193
0.20154048988412568	0.20021281776597089	0.20010408076899344	0.1994240756566031	0.19871853592430666
0.19993875277777912	0.19832271404198243	0.2012056548119168	0.19973531438119713	0.20079756398712434
0.20041358962918454	0.20014753485021095	0.20118430868068962	0.19888620034299523	0.19936836649691947
0.20191280411060936	0.19985963851026994	0.20046225866762357	0.199341110890732	0.1984241878207649
0.2022562664071441	0.19811427170907686	0.20077019765109677	0.20047450643919965	0.19838475779348239
0.20022172936926497	0.19770041783475478	0.20072232463095913	0.20106933651687037	0.20028619164815054
0.20196787717032497	0.1986712587176885	0.2010085474484518	0.19913046436420112	0.19922185229933334
0.2018958171813778	0.19751695594270363	0.20058763227972726	0.19974890767786502	0.20025068691832604
0.2013203023509758	0.19821811677238502	0.20114540118629842	0.1995884509963218	0.19972772869401872
0.2015469027417762	0.1996037518839414	0.20032456706661547	0.2007386401537487	0.19778613815391802
0.2013862711690389	0.20055669004815915	0.20086844099732473	0.19958575640470885	0.19760284138076817
0.20150718412467003	0.1994591013212666	0.200064276166351	0.20096771893948306	0.19800171944822909
0.20067515019371412	0.20044441711231345	0.20010484515201607	0.2007842671974346	0.19799132034452152
0.20280837332566065	0.19801134758372435	0.2006193719403927	0.20100109483410325	0.19755981231611883
0.20030841102878058	0.19918199746932966	0.2015654997148913	0.20013516046471816	0.1988089313222801
0.1999888159859151	0.19863413850813746	0.201563853593671	0.20064672336220238	0.19916646855007386
0.20236700016662398	0.1990683838949511	0.20013406249603768	0.19945657404402659	0.19897397939836042
0.2021743589578334	0.1995349902818684	0.2007794276618908	0.19999427720352841	0.19751694589487875
0.2006678853663087	0.19971287599482	0.20056198932556554	0.20037181487481165	0.1986854344384939
0.20241777792483429	0.19767981464090315	0.2004244820048847	0.19993590532367903	0.19954202010569863
0.20092031215077333	0.19893637292610655	0.20039125390693485	0.20106471606119714	0.1986873449549879
0.19945482675594023	0.1998472114044519	0.20008833628260128	0.20029016497214958	0.20031946058485678
0.19976823086904896	0.20056493332356468	0.19980151055991238	0.2005688015129214	0.19929652373455237
0.20221308708679153	0.19795932411295802	0.20000954332269094	0.19888072402321763	0.20093732145434165
0.19988503054123782	0.19800602289057498	0.2016564286036898	0.20071179324811264	0.19974072471638454
0.2023459518133132	0.19754932417109144	0.20172663462014048	0.2002817021064677	0.19809638728898696
0.20074426934295814	0.19886419590730767	0.2009676566808084	0.2002140472331558	0.19920983083576976
0.2023954233998323	0.19866085693196717	0.20045115679764386	0.20023142377961248	0.198261139090944
0.20151780431364655	0.19883690531003143	0.1999824814497037	0.2001530570675381	0.19950975185908
0.20186133405759338	0.19789300537422955	0.20039261810343226	0.20106377702134345	0.19878926544340117
0.19952478506188204	0.19916220166210136	0.20103419507100714	0.20094193267102323	0.199336885533986
0.20132642793890654	0.19959688914291676	0.2008044104253028	0.2000006042052723	0.19827166828760137
0.2009795878669905	0.1977558502159192	0.20142478763909313	0.19895847227616045	0.2008813020018365
0.20123257210055492	0.19860808316381015	0.20098687948060717	0.1994320886832802	0.1997403765717473
0.20226529914912944	0.1974898561579624	0.20095809539626175	0.20081859661095783	0.19846815268568835
0.20016779231528506	0.19962210476093858	0.20165826108145102	0.20036424923478147	0.19818759260754368
0.2015306958786524	0.19878957372011946	0.20089873684244022	0.20055886927803004	0.19822212428075764
0.20099710546753025	0.19777563374081825	0.201734895966504	0.20099576236769498	0.19849660245745226
0.20006641087106264	0.19935918261865082	0.201600576869677	0.1997109925751834	0.1992628370654259
0.2009909858356018	0.19996134373691446	0.20049840923070447	0.19889204483094328	0.19965721636583578
0.19967847392104218	0.20060102808298677	0.2010716773513336	0.19883709739693478	0.19981172324770244
0.19942452055773868	0.19927440382829129	0.20121854556632415	0.20024137377564366	0.199841156272002
0.20006713463644255	0.20040826065899048	0.2009991106518033	0.2010074432367138	0.1975180508160497
0.20171537809495077	0.1979146913941786	0.20113283699036727	0.19919989847398575	0.20003719504651735
0.2016308103787205	0.20027583574292654	0.20027427017404956	0.19905026448464913	0.19876881921965406
0.2014471011720868	0.198956803156183	0.2004922231181011	0.20043801154082533	0.19866586101280354
0.20143745730325077	0.20000999531227898	0.20047036590579081	0.19901141105586923	0.19907077042281
0.19948643280690723	0.19938072929888537	0.20158119904488941	0.19985112578304684	0.19970051306627093
0.20036673690973947	0.20030374185778982	0.20040575431614321	0.19943737799181688	0.19948638892451037
0.19958120743870997	0.19803341960314408	0.20163164778182577	0.20110539970169553	0.19964832547462444
0.20035341071520274	0.1982445158582626	0.20047587190793661	0.20022792108229034	0.20069828043630747
0.2012575032556205	0.1992992114854743	0.2014102450381575	0.20054510648281507	0.19748793373793241
0.20104353991839713	0.1977060037342648	0.20077678927279927	0.20011779992838116	0.20035586714615744
0.20160652679306576	0.19923824904898166	0.20085387710585909	0.20050247272675834	0.19779887432533494
0.20143492426670148	0.19760854017626067	0.2010708625275653	0.20047536097378718	0.1994103120556851
0.20264963868628363	0.19836342783551508	0.20084573741680292	0.1991328854168083	0.19900831064458985
0.2025155775150146	0.19839830877830722	0.20076710878480689	0.19886223854459484	0.19945676637727625
0.2024886862893042	0.19966664771281376	0.19982769634543734	0.19920500462463256	0.19881196502781193
0.19987099283079096	0.2000941634865757	0.2013476204439389	0.19927026360107633	0.1994169596376179
0.20307641396246567	0.19932505958543223	0.19979095527980922	0.20031647277112324	0.19749109840116938
0.20153520516469875	0.2003271799915475	0.20017782167561976	0.1998929693259951	0.19806682384213867
0.20223291192299367	0.19897205037056281	0.20056465602649043	0.19880062436038884	0.19942975731956403
0.19985079853725926	0.19898878015839722	0.2008390942323807	0.19983276413968473	0.20048856293227785
0.2008544912445431	0.19781957574422931	0.20163467671114338	0.19985001054677362	0.19984124575331036
0.1999106698826508	0.19841625798630425	0.20168919948137068	0.20096281378191092	0.19902105886776314
0.20215236459508867	0.19799548509108186	0.2006528449445947	0.20089035604170472	0.19830894932752982
0.20030708504543338	0.2004376495442514	0.20012906793599428	0.19996413016983694	0.1991620673044838
0.20042400101060817	0.1997455640442965	0.20158344821671378	0.200114828310541	0.19813215841784032
0.20175869445630426	0.20048394807151895	0.20031630933168385	0.19910788629158485	0.19833316184890787
0.20155499668460233	0.19909713981025193	0.20036221436122825	0.20027148471097542	0.19871416443294182
0.2004560903699966	0.19838888405148633	0.20106099191364693	0.20017046113493386	0.1999235725299361
0.20148422003325153	0.19951377961700173	0.20098794341380416	0.19906328602962314	0.1989507709063192
0.2007595807768804	0.19894276482270037	0.19976830633577722	0.2011636581868035	0.19936568987783826
0.19966283238276825	0.20054955428794272	0.20082057860974467	0.1990616787955589	0.19990535592398526
0.19950982183311936	0.19959431633102748	0.20059792159336906	0.2009048676212262	0.19939307262125766
0.20073057947349984	0.19795298595190325	0.20006982926110675	0.200633854962547	0.20061275035094298
0.2011269009871334	0.1980076391594761	0.20056342736467309	0.2005931515573182	0.199708880931399
0.2009469263013958	0.1980429862120943	0.20087736065856118	0.19983592224029378	0.20029680458765475
0.20187567051535746	0.19840076811575186	0.19985578406192803	0.1999026299229211	0.1999651473840413
0.20018799700182333	0.1989217978992735	0.2012655053156473	0.20061859070416116	0.1990061090790945
0.199926278617448	0.19918081008708213	0.2009246824752597	0.19985245908679228	0.20011576973341766
0.20145626325232985	0.1990721078095251	0.19989387654073767	0.20016313752186493	0.1994146148755422
0.20000237608815924	0.19886195860498057	0.20074064885435774	0.2006937413986735	0.19970127505382873
0.202898951472437	0.19924867279190006	0.19999426539456633	0.19975695472646388	0.1981011556146325
0.2011929507291538	0.19830361738463087	0.20003439235356735	0.20003405050959847	0.20043498902304924
0.20043832261897612	0.1990023211781679	0.20032123307359956	0.19972076730604316	0.200517355823213
0.20252801264863757	0.1974205575553727	0.20033929709322185	0.20013799760178058	0.1995741351009871
0.1992893042311322	0.20028204303954972	0.20111007970888414	0.19917803830998912	0.2001405347104446
0.20179377215566818	0.19983362405809615	0.20171749782674914	0.19909615477683354	0.19755895118265274
0.20184960598140056	0.19914992419092672	0.19982670087025278	0.20017498276901985	0.19899878618839986
0.2030500920745519	0.19803217607642262	0.2002839296695231	0.19918175629137957	0.19945204588812257
0.2020544332391977	0.19767340908052095	0.20036014187207069	0.20047645042207154	0.19943556538613894
0.2011124073367516	0.20013383695021122	0.19993860301813765	0.19888238541926265	0.19993276727563666
0.2017850093928241	0.1977138747222036	0.20067058092034923	0.19966806174010038	0.20016247322452252
0.20054382980632388	0.19983508965591512	0.2009858791416768	0.20021738343865114	0.19841781795743282
0.2013442736672511	0.19903404605365518	0.2003097837804497	0.1988141770541352	0.2004977194445086
0.20031742652399281	0.1990665149717669	0.20030082529623625	0.2006576651155052	0.1996575680924986
0.20029392612107372	0.19829524806812304	0.2007182142043464	0.2000711102171306	0.200621501389326
0.19991681995537813	0.19943540716645056	0.20164755219036573	0.20011805817865722	0.1988821625091481
0.20235361902228832	0.19928612545707947	0.20012694673944914	0.19886011308320575	0.19937319569797712
0.2012271129629623	0.19749164708412525	0.20148241079647247	0.1995802357761498	0.2002185933802899
0.2015073343573687	0.1993378834750079	0.20013781908033593	0.19915457080961824	0.19986239227766905
0.1999436281360343	0.20042087784311702	0.20100944125302214	0.20112929662720663	0.19749675614061965
0.1993033035992883	0.20066203761376383	0.2002300713570453	0.19980160402897326	0.20000298340092912
0.20182635322354475	0.19929211940986047	0.20006179412593056	0.20001874309822704	0.19880099014243696
0.2005911587429134	0.1978489661992619	0.2015009108799659	0.1996025449756079	0.20045641920225069
0.20026412805825092	0.19838542678722518	0.20014980208738253	0.2005430004130157	0.20065764265412542
0.20033289744729674	0.19956806195070512	0.20020314800638842	0.2003605171227857	0.19953537547282382
0.20211201354893052	0.1985779358379262	0.200515164397718	0.2000483695628232	0.19874651665260182
0.20042057743263214	0.19999063489316873	0.20006583011604692	0.1997034978712697	0.19981945968688228
0.20275010377022992	0.19886321365906423	0.2007478076661127	0.1994275880002795	0.19821128690431344
0.19969509716674783	0.20028002540315992	0.200320644176596	0.20002554258044294	0.19967869067305308
0.20025617273011997	0.1985744936813717	0.2002882017565279	0.20025975130793183	0.2006213805240484
0.20185699898049264	0.1986345228739814	0.20156865948837768	0.19903208637911843	0.19890773227802963
0.20063469490289126	0.19882777404585567	0.20028368604616675	0.2000011976640686	0.2002526473410175
0.2021748372345363	0.19862684706708472	0.20127352624834036	0.19944232799748185	0.19848246145255655
0.2025245210610683	0.19814201037495366	0.20037645688733977	0.20007273162928177	0.19888428004735628
0.20153325775691036	0.19910360510788255	0.20174221889477414	0.20006316715125844	0.19755775108917428
0.200414430454226	0.19816423308443373	0.1998116833128065	0.20081434147571808	0.20079531167281547
0.2003185650664749	0.20042469822833808	0.19984142868851806	0.20057679656008237	0.19883851145658638
0.2014288454020499	0.2003922387618626	0.20158437785740607	0.19879491040499417	0.19779962757368705
0.20177120295906037	0.19859350177847865	0.20013832949790283	0.2006377313660999	0.198859234398458
0.19993428291993398	0.19822692310777235	0.20076427620598114	0.20065790686655272	0.2004166108997596
0.20141583760126272	0.1986624612494473	0.20156457249630072	0.19934567097459235	0.19901145767839667
0.2001822716174531	0.19816210700128306	0.201636368974838	0.19939184294987708	0.20062740945654856
0.20141354746435045	0.19914897002020696	0.2002674991554779	0.1990187245635406	0.20015125879642384
0.20234573338284717	0.19742391248944438	0.20068108505859375	0.19891352437467003	0.20063574469444445
0.20300160318751176	0.19808383783531722	0.2005669617423251	0.19972593017624582	0.1986216670585999
0.19995847961740448	0.1993385037158112	0.20087864254488857	0.19981541201952335	0.20000896210237218
0.20094601558087952	0.20042873355668409	0.2005936243704856	0.19882048471226693	0.19921114177968366
0.20077792700451447	0.19751059988778064	0.20174981099958744	0.19967785130762006	0.2002838108004972
0.20033597304098985	0.1996227820967025	0.20083993051676496	0.19975554422623282	0.19944577011930967
0.2017545562314972	0.1992469723804541	0.2006254390946663	0.19969247003186358	0.1986805622615186
0.20213450359484736	0.19753554865021186	0.20027820871960664	0.20062209635187966	0.19942964268345423
0.20066846217172285	0.19999589451854047	0.2012290044471236	0.1995357559317899	0.19857088293082295
0.20139596008877628	0.19875182705850036	0.20040985773876402	0.20113579234826215	0.19830656276569694
0.2030763086340952	0.19893911072914944	0.20085264851637294	0.19951732127060562	0.19761461084977655
0.2024987602114902	0.19982327122262256	0.19996826812715454	0.2001115464028196	0.19759815403591285
0.2002297038709988	0.19837536840011685	0.20147493722142917	0.200386353093248	0.1995336374142069
0.20163254295352967	0.19970446622886961	0.2009709631915414	0.19901635601064502	0.19867567161541408
0.1997628562672622	0.2003239662447636	0.20108727082780728	0.1991770219416946	0.19964888471847209
0.1993998489132544	0.1976715807447237	0.20174160148286685	0.20034336006225217	0.20084360879690263
0.19963373361546424	0.20043635003903698	0.20143083305001383	0.2002000200537871	0.19829906324169763
0.200471593848193	0.19844735253905585	0.20086167474640587	0.19949334261148993	0.20072603625485513
0.20265322055750182	0.19847945162465291	0.2015003109662763	0.1998728751010561	0.19749414175051264
0.2013463112029071	0.19829179957946821	0.20055055310905479	0.20053836868997704	0.19927296741859263
0.20269466694872473	0.19759819026385883	0.20143818841805713	0.20052387173060662	0.19774508263875246
0.2006675534454894	0.20041133623384536	0.20091417609011436	0.19912676547435082	0.19888016875619988
0.20136651236630676	0.1991205152566404	0.20139492310197668	0.19903310698885365	0.19908494228622228
0.20190119568897744	0.19926964644956904	0.2000889882155953	0.2000256982501529	0.19871447139570508
0.1997662938495347	0.20010413893305584	0.20147470676258983	0.20009744613706504	0.19855741431775434
0.20011824261511224	0.1977014956344612	0.20121520413722302	0.20067293404782718	0.20029212356537612
0.20240202027166282	0.19805741794903223	0.20074238904316058	0.20052283294509826	0.1982753397910459
0.20128279923893802	0.20025555286415347	0.20082090001714384	0.19925239931183414	0.1983883485679303
0.2024240942126432	0.19782306213301912	0.20082522120124272	0.19907291697171037	0.19985470548138437
0.19980772591009488	0.1986040506828601	0.20124843965439504	0.1996563891834842	0.2006833945691656
0.20265229823399808	0.19863989382552774	0.1999803215697444	0.19972427989840708	0.19900320647232245
0.20124934440156578	0.19963526931633066	0.20069946579428105	0.19924633190040414	0.19916958858741815
0.20302252786538416	0.1976087431771815	0.20173019674983517	0.1990634667787123	0.19857506542888664
0.20100911656382342	0.19944802453869673	0.20069153273168744	0.2000068288250721	0.1988444973407201
0.20222703199915934	0.1990061714827776	0.20117912720386724	0.19900154893216385	0.19858612038203177
0.20090611892870408	0.19808130098003077	0.20055448389878647	0.2005776636455699	0.19988043254690857
0.2020650304449718	0.20061308031642217	0.20015018519836938	0.19959956363862913	0.19757214040160728
0.19942522668456994	0.2004097331094739	0.20133961093750435	0.20037207072354812	0.19845335854490345
0.20087744434729227	0.19836057015904496	0.20173230541952739	0.19904285825202203	0.19998682182211314
0.2026153932494697	0.19757820820400046	0.20091077704103666	0.2002221494733121	0.19867347203218086
0.19934405392541443	0.20003506656545691	0.20133498921209056	0.20017983796345618	0.1991060523335817
0.20276836490994044	0.1991173726514572	0.20102758619855213	0.1992643992400174	0.19782227700003258
0.20248629158916734	0.19814634406950668	0.20049976175417986	0.19926982348910594	0.19959777909804
0.2014464752986338	0.19753741038019978	0.20168337158341498	0.2007083706375514	0.19862437210019981
0.19982511740894945	0.1984504412276987	0.20008728853028224	0.20084880553823753	0.20078834729483186
0.19955340221839601	0.1993389959361146	0.20148594369965217	0.19907336229847397	0.20054829584736303
0.20230017758382282	0.19861812948916324	0.20004536491294259	0.20027895653214248	0.19875737148192862
0.20011815040098505	0.19870773615106757	0.20062041636933625	0.20014839114652772	0.2004053059320832
0.20272231777758207	0.19770494928380397	0.1999108876791995	0.2009467905365947	0.1987150547228195
0.1994790336389705	0.2001674950616583	0.19981204711428424	0.199954867233003	0.20058655695208377
0.20102053123061575	0.1974993473957866	0.2000546885962328	0.20054659267960906	0.20087884009775556
0.20108385506246199	0.1989556917122285	0.20128746430475275	0.19941295568291756	0.199260033237639
0.20176704192200792	0.1992912791582467	0.1999332829270479	0.1998838987147057	0.19912449727799156
0.20310797721129908	0.19825228223295838	0.1998977661574282	0.19966986164516165	0.19907211275315242
0.20093393850528188	0.19854842830926303	0.2002942134331963	0.1994352635914243	0.20078815616083429
0.20144609516839113	0.20037477850080015	0.19975195347960883	0.19994913735895292	0.19847803549224674
0.20099217444420006	0.1979090164471651	0.2013694915307909	0.19945532286834536	0.20027399470949836
0.20294611173238966	0.1977918873287039	0.20110858333471116	0.20050052618434602	0.19765289141984901
0.20067403881613036	0.1999628067401547	0.2003832531839467	0.19893566897375428	0.20004423228601373
0.2026054493014401	0.19807848379164852	0.20040359731702723	0.20116536698636756	0.19774710260351638
0.20252642941712437	0.19779762810839993	0.2005816994173093	0.19928485237656482	0.19980939068060136
0.20185840885091108	0.19753230422680818	0.20044407642817802	0.20046847446658528	0.19969673602751725
0.2009527307982653	0.1980130814031617	0.20024820330690407	0.2003931743761126	0.2003928101155561
0.2009518651070879	0.19879106512634315	0.20039921006288167	0.19900255815320886	0.2008553015504782
0.20123016792988624	0.20001941538286663	0.20041741903518717	0.19942293949645465	0.1989100581556051
0.20173480053901482	0.199235022924517	0.2008895237102232	0.2002596570377219	0.19788099578852286
0.20160166574406044	0.19920514570786582	0.20050917292551432	0.20064037850937472	0.19804363711318448
0.19929180965909346	0.20057566348137265	0.20163200746789434	0.19900996383198136	0.19949055555965797
0.20129658360710428	0.20062701510535583	0.19994997016011545	0.19897921454515613	0.19914721658226806
0.19964085791204336	0.19938780194840547	0.20094797680931378	0.19947906765559706	0.2005442956746401
0.20247270192620767	0.1977710484949834	0.2004155136599026	0.20051000934192859	0.19883072657697753
0.20307140041815708	0.1988633161131374	0.2009949236242467	0.19950725569580205	0.19756310414865655
0.2017667007459861	0.19737127364779103	0.20038585166630205	0.20030913197746408	0.20016704196245647
0.20306164184181805	0.1976124388651333	0.20023692479495245	0.20001196195224497	0.19907703254585102
0.2010573777592568	0.19857394588162208	0.20098749252638556	0.2008814859852336	0.19849969784750174
0.1996924186207145	0.20016171847956302	0.20062328292281062	0.1996021016880106	0.19992047828890105
0.2018099557716708	0.19926534554907693	0.19985580951610463	0.2003975418429701	0.1986713473201773
0.19934933437575014	0.1998037961262401	0.20023981137536154	0.20058532666310602	0.20002173145954194
0.2026657675517506	0.19787907402906801	0.20057389843430065	0.19991533725660227	0.19896592272827823
0.20025447770369603	0.19764814602410605	0.2016299073011458	0.20116246573934132	0.19930500323171055
0.20278086330264739	0.20009506367366137	0.20057229706899615	0.1987970990291741	0.19775467692552076
0.20075250153586743	0.20044357613908984	0.20033793261596222	0.1996533160110199	0.19881267369806038
0.2005902330151988	0.19808049088135066	0.20176112590654838	0.20052826066237156	0.1990398895345304
0.19980686101003342	0.20048715008257126	0.20159187456343955	0.2000405160172174	0.19807359832673815
0.2007030535030244	0.20046985545527216	0.20113617442216256	0.19957193733656248	0.1981189792829782
0.2005951886784766	0.20029838426703597	0.2004846489460446	0.19939470359437056	0.19922707451407207
0.20281041489867097	0.197920993144082	0.19975875671771826	0.1992797115600012	0.20023012367952733
0.20212251617675106	0.19929118643444568	0.19985398381841726	0.19979087490692513	0.19894143866346065
0.20088703942669053	0.19834662661547411	0.20113399735663545	0.1996624263449906	0.19996991025620908
0.1996506638182712	0.1989744556700581	0.20116599923046424	0.19934066188337157	0.20086821939783467
0.20098533897203613	0.1986255385971815	0.2005136564445454	0.1993346218323732	0.20054084415386356
0.200332304315033	0.20064605913940886	0.20164084625133277	0.1997488268500445	0.19763196344418063
0.1999311486824495	0.19834991172316974	0.2006014433414829	0.20039598297099334	0.20072151328190432
0.20148076374734508	0.19743246195981098	0.20032144359854462	0.20001671935860238	0.20074861133569671
0.2020936555115235	0.199469349378579	0.2007782948399382	0.19910395093070865	0.19855474933925044
0.20309075283921693	0.1993873550045309	0.20011584531382165	0.19929547205688258	0.19811057478554772
0.2011524308806303	0.19893389907846176	0.20039558728984633	0.20034014082935075	0.19917794192171062
0.2013489207079366	0.1988564646250556	0.20085992173845638	0.1999091019803795	0.19902559094817165
0.20038634281316733	0.19953133018632974	0.19993003861218064	0.20046709950937774	0.19968518887894432
0.19941891158041095	0.20059822889871756	0.201595038578866	0.20058794411682793	0.19779987682517736
0.2011987452789267	0.19892066766148028	0.20171450042246666	0.2002183146545263	0.19794777198259983
0.20020620524932609	0.19898675806489555	0.2015423290628098	0.2002527598544328	0.19901194776853554
0.20253761547505164	0.19764115272245322	0.19999845488307239	0.20006159851303768	0.19976117840638488
0.20116046891063244	0.19861715201846133	0.2015522900509115	0.1993275003690167	0.19934258865097781
0.20224281413155687	0.19825018064087022	0.20041612315358756	0.19953512256617367	0.19955575950781146
0.20080344228407487	0.19877805434119106	0.20115755024363513	0.20059139032844622	0.19866956280265247
0.20034515988795767	0.19851152756013543	0.2013134875144804	0.19922369534076614	0.20060612969666014
0.2011159980391409	0.1991475898777037	0.20044007070806408	0.1990117390800659	0.2002846022950252
0.19950393758262056	0.20061575751347427	0.2001308560260555	0.1997102261651784	0.20003922271267108
0.20237351312860508	0.1987742884834579	0.20151915341302296	0.19884524958549135	0.1984877953894225
0.20255179066744408	0.19903883711820938	0.19975302755095323	0.20067914821620403	0.19797719644718906
0.20005235721611062	0.20034058490481416	0.2002213193719058	0.20099125541679488	0.1983944830903743
0.20206113225119843	0.1976592775025363	0.20108521191592732	0.19962650768488663	0.19956787064545112
0.19998781029103924	0.1998249915458492	0.19999750306946318	0.20093743135593947	0.19925226373770868
0.20148634536742438	0.19898365741293073	0.20039496392949777	0.20055965259432212	0.1985753806958248
0.20001576116887518	0.20024307483888396	0.2000974837758147	0.19897911528227513	0.2006645649341508
0.19992499782037537	0.20051200690738782	0.2010788251377575	0.20013512750762555	0.19834904262685354
0.20060366333557456	0.20046806359150693	0.20027193743542282	0.19935492059735005	0.19930141504014545
0.19957781861415957	0.19891182200959234	0.20140186657703568	0.19966760293430427	0.2004408898649079
0.19929329884391833	0.19988033800659608	0.20100550091335032	0.2005268698991423	0.19929399233699274
0.2015087848109302	0.19737335842301576	0.20174241295668704	0.2009249774098649	0.19845046639950187
0.19986932366338211	0.20059877389522335	0.20009547632541314	0.2005723376446916	0.19886408847128959
0.20205865370938975	0.1994100556686336	0.20161236056512416	0.19947242956030553	0.19744650049654675
0.20073825557587704	0.19757382768693088	0.20169697860692617	0.20109534595327233	0.19889559217699335
0.20020072740827782	0.19970517867060475	0.2012219252267025	0.2008394782306636	0.19803269046375108
0.20098814725736	0.20029531509109744	0.2002390912180666	0.20043965792293172	0.19803778851054402
0.2013042485383362	0.19862298443958104	0.20124704662676843	0.19987076374933593	0.19895495664597815
0.20262028783855524	0.2000077796502906	0.19999813161228921	0.1992476967003516	0.19812610419851315
0.20104417011555173	0.19748216687138623	0.20132001996263674	0.19961842991339349	0.2005352131370316
0.20207864462597322	0.20040136369188186	0.2009411141799016	0.1990409816674799	0.1975378958347632
0.19995506178991296	0.19947547191770945	0.20120392563397002	0.201139448006096	0.1982260926523113
0.2021994824104765	0.19818841766261253	0.19991434890507717	0.1990874226270295	0.20061032839480408
0.1996603830159905	0.20002993491008342	0.20029317158800894	0.20043335866100664	0.19958315182491027
0.20123383184492508	0.1992716729691741	0.20110281806019345	0.1988677228401935	0.19952395428551362
0.19953390869281246	0.19767041867654245	0.2017087228009311	0.20054327379128112	0.20054367603843265
0.20020031069627442	0.19823758268051941	0.20124763650829777	0.20026210193088587	0.2000523681840223
0.20293560535219662	0.19764112907449405	0.2010086951458578	0.19893717974767097	0.19947739067978035
0.20123700557160373	0.19790050250750002	0.20160742741877635	0.20034988317656302	0.19890518132555665
0.20187042227832191	0.19909715943491482	0.20030132813019477	0.19952180422919064	0.19920928592737763
0.20136630500746602	0.19837496412458172	0.2012196213984743	0.19903773875330655	0.20000137071617116
0.2009271328529286	0.1999917028091049	0.20072689136255553	0.1996131058692	0.19874116710621076
0.19978171791457178	0.198581217020206	0.20132440956256714	0.19962914713677085	0.200683508365884
0.20173378537423786	0.20028387530117983	0.2006431845954426	0.19957886932062083	0.19776028540851867
0.20143717349502305	0.1999891988117741	0.20075354638276618	0.1990324786664955	0.19878760264394094
0.20219964510501007	0.19797755439632855	0.20098699627177666	0.19943152947078752	0.19940427475609698
0.20180012668356226	0.19864250210269435	0.20063639717011184	0.19996178750259067	0.19895918654104067
0.2002291623014249	0.2004940970174643	0.2010029571452005	0.1996839540562477	0.1985898294796624
0.20191121157424716	0.1980855831263363	0.20105138165529265	0.2009150066938302	0.19803681695029346
0.20209200929504728	0.20051583716090193	0.20108244161693264	0.1987969874685278	0.19751272445859014
0.20059037574738775	0.1975737685347084	0.20096462496835935	0.20020101212584737	0.20067021862369694
0.2009157997630281	0.19759957846035858	0.20102034723790468	0.19992369444496222	0.20054058009374623
0.20022576338496167	0.1990490423941321	0.20122026723916123	0.19947242053005798	0.2000325064516868
0.20218233367944052	0.19962134747255098	0.20054522493895602	0.1994076497336581	0.19824344417539416
0.20187452273938772	0.19831388974895212	0.19976411059580207	0.19939060614719037	0.20065687076866748
0.2016233076580097	0.19878820578013395	0.20133884913070707	0.20016060979626105	0.198089027634888
0.20041140113002065	0.19946436572509463	0.20164447462514953	0.20039308618042784	0.19808667233930713
0.20094785117852523	0.19806122607377888	0.2010911334234174	0.2007228555369834	0.19917693378729484
0.20112368764710428	0.19964077208556485	0.2001849606284842	0.20051627404425088	0.1985343055945956
0.20071707542068987	0.19944286978658957	0.20167109017015522	0.1990603602835691	0.199108604338996
0.2001105426986397	0.20065761021284628	0.20056520376789316	0.2010934820411819	0.1975731612794387
0.20136008663041433	0.1980275133748396	0.2014044334152398	0.20079467504959062	0.19841329152991544
0.20084549471023838	0.1991518352806226	0.20160599443611937	0.19934498921008187	0.19905168636293755
0.20157172474543375	0.1975063660524332	0.20106280149944872	0.20105840666678187	0.19880070103590225
0.20133733889039504	0.19979649091024604	0.2014810908240037	0.19980580356320718	0.1975792758121478
0.20103650831244094	0.20005913190318872	0.20014060657876206	0.19984481430993448	0.19891893889567358
0.19948819347014748	0.19914012454284785	0.20006864221617518	0.20044608634572803	0.2008569534251012
0.2001144230455846	0.198204768893724	0.2012974961014504	0.19980118934707922	0.20058212261216157
0.20094614860231333	0.19887798014455496	0.20156143890104672	0.20097812851400937	0.19763630383807543
0.20085352489112557	0.1992826165618446	0.20134894494846403	0.2007607130256794	0.19775420057288615
0.20291023835075694	0.19931109877013822	0.20013232646017834	0.19934712774156507	0.1982992086773612
0.2009158551591876	0.19878135222097526	0.2010288936039072	0.20051118110593924	0.19876271790999048
0.20146055191207357	0.19777322108273035	0.20162058863998214	0.1996050078167441	0.1995406305484696
0.20126641581145188	0.20029229598139325	0.20011491457647843	0.19885832237090917	0.19946805125976705
0.20099712048092858	0.199935732599692	0.20174175124112625	0.1990797786741961	0.19824561700405685
0.2027799953644222	0.19829393384542549	0.19982469748603618	0.19916979928566103	0.19993157401845488
0.20302499407101887	0.19851970119772394	0.20054116424944768	0.1992020160952559	0.19871212438655336
0.20052274821896623	0.19776002484521873	0.2006052428097778	0.20081140497619887	0.20030057914983812
0.19948723223672413	0.19893519624518483	0.20090441199851244	0.2005269045161393	0.2001462550034391
0.19993793017575576	0.19975506183453945	0.20114346020225926	0.2009410759621056	0.19822247182533972
0.2027392948178625	0.19779683905908957	0.20128300570289168	0.19981626448240342	0.19836459593775263
0.1998908691190531	0.1995971350408302	0.20094645181240658	0.19989990781754893	0.19966563621016098
0.2029234239424123	0.1975766765927566	0.20148969983949253	0.19944047043567778	0.19856972918966057
0.20155536508306932	0.1985518026125111	0.20141379852239724	0.19995755159884537	0.19852148218317675
0.19993342903633274	0.19789056663692411	0.2014666879796504	0.2000384513245161	0.20067086502257644
0.20109980888900067	0.19962085846668873	0.20161283855358958	0.19892418462743652	0.19874230946328428
0.20004969822081123	0.1976721978986508	0.20173636866155753	0.2004284657379189	0.2001132694810613
0.2002453426094998	0.199714472088876	0.20110367170828036	0.19971384785933627	0.19922266573400738
0.20170711397928742	0.19984814162106007	0.19984495069499333	0.19880085206970566	0.1997989416349533
0.20005044185575516	0.2006404299713227	0.19999915073926222	0.19951569689742102	0.19979428053623868
0.20035540229084195	0.19862940732795367	0.19998443072509478	0.20044765003144002	0.20058310962466935
0.20268876621578205	0.19921234185046324	0.2000145613404296	0.200643146882667	0.19744118371065786
0.20040405155962493	0.19745547253843948	0.20137554848747644	0.19981708108823498	0.20094784632622392
0.20195913169167984	0.19897620310407685	0.2000569086307564	0.1999716517408031	0.19903610483268355
0.199486784308625	0.19826993798869855	0.20111513531993513	0.20046417799229213	0.20066396439044895
0.1999754725425978	0.1994570867780782	0.2015224472247125	0.200541122959571	0.1985038704950403
0.1995207668870856	0.19915814786331085	0.20016827822634797	0.20112029686528937	0.200032510157966
0.20177629638756825	0.19839259927994568	0.2004790904684576	0.20105159067705466	0.19830042318697358
0.20281159278382957	0.19790933997413898	0.20089204046093448	0.19939122403392914	0.19899580274716758
0.20049053457496696	0.19816974691819322	0.20019809991713508	0.20072513566053668	0.20041648292916783
0.20151438072396152	0.20049295896867697	0.19982599586690342	0.19880157277942626	0.1993650916610316
0.2012174206209225	0.20044119171654542	0.2001101488965054	0.199486029487186	0.19874520927884043
0.20045903750037006	0.20044132238934062	0.20121710120196787	0.19915632152300314	0.1987262173853181
0.20174925380304967	0.20004276738615362	0.20076263683655085	0.19900532018447706	0.19844002178976858
0.20100870380424934	0.1983036383524525	0.19983792819375798	0.20000838792499237	0.20084134172454762
0.20137185544305014	0.19805841293561904	0.20160743698192765	0.19969573311039565	0.19926656152900726
0.20258475232528494	0.1997456092097233	0.2002097080421062	0.19981232513151015	0.19764760529137515
0.20238135752617706	0.1974657520322891	0.20147573941932662	0.20019120620726408	0.19848594481494292
0.2008156090004121	0.19995166267429804	0.2015089181287911	0.1995501808278302	0.1981736293686684
0.2001261703502205	0.19813427979055684	0.201745658264783	0.19951761761056766	0.20047627398387174
0.2028808961448874	0.19891944508273263	0.20095786569918814	0.19895045853983467	0.19829133453335693
0.20169452706852423	0.19878096505194354	0.1998317615884912	0.19919742552209993	0.20049532076894086
0.20076062211843979	0.19852758370469703	0.20120339658525072	0.199054814678876	0.20045358291273624
0.20180057731875253	0.19942736792146049	0.20033569804878548	0.20008573429170823	0.19835062241929305
0.20157118436963734	0.1977514914766109	0.20074935518648468	0.20082586257902485	0.19910210638824202
0.20096926676709626	0.19765024821843166	0.20072476178024104	0.20019655491185412	0.2004591683223767
0.20090891298313412	0.2001670382985236	0.1997608783454034	0.20082944602722455	0.19833372434571414
0.2006443178881625	0.20065092312197988	0.19984925220404579	0.2002021920121035	0.1986533147737081
0.20151077390516012	0.1992867013859761	0.2013009255268399	0.1997221633788521	0.1981794358031716
0.2021391275834632	0.19850051602126376	0.20128530159344551	0.19991155864923005	0.19816349615259726
0.20280195249169633	0.19787091537081983	0.2017298911675635	0.19965175875686086	0.19794548221305924
0.20010044757975473	0.19868351317208569	0.2011395490518812	0.19971846231918303	0.20035802787709514
0.2001809887587915	0.20021527918194965	0.20062339828661935	0.20088057063998854	0.19809976313265074
0.1998555881692604	0.20059423196262133	0.19990375453981846	0.20001037620802264	0.19963604912027694
0.2002836073735219	0.19953407636442685	0.20005590649781493	0.1993817858821394	0.20074462388209668
0.20207398520681885	0.19768267586876212	0.2002332055859036	0.20017148124968523	0.19983865208882998
0.20126640093873122	0.20025554883198138	0.20171408299875915	0.1990781794720956	0.19768578775843243
0.20255747808621352	0.1981551836633085	0.20158509631838592	0.2001984965580751	0.19750374537401674
0.20269277530856417	0.19817927354401943	0.20066659511626464	0.20052437315297628	0.19793698287817527
0.2024507581009089	0.20000536382218922	0.19979302553458306	0.20022006679994955	0.19753078574236907
0.19961014424074713	0.1985396821538971	0.20141990743961524	0.19950686736102538	0.2009233988047149
0.20081960451027828	0.20009456241171003	0.2017409442300585	0.1989167794172746	0.19842810943067835
0.20109757920865542	0.2004425793550135	0.20072788674630362	0.19906829886545993	0.1986636558245673
0.19950153233779871	0.19757931483344351	0.2015523672436556	0.20114363972956872	0.20022314585553322
0.2003688568520593	0.1979105192408794	0.20100921469252137	0.19976823949590486	0.20094316971863485
0.20274750428808086	0.19813739086355772	0.2003946748349119	0.20103483129767785	0.19768559871577143
0.20089824191875424	0.19906685920126355	0.20103820455126167	0.19919504759471188	0.19980164673400844
0.20285473760875147	0.19996340060559684	0.20021210213675383	0.19951772129022785	0.1974520383586698
0.20085559896116278	0.20050770375372354	0.20045633206187188	0.19917858725849832	0.19900177796474322
0.2018178846072397	0.1991904050265392	0.19996859961909036	0.2004600328913588	0.19856307785577168
0.20213879251082298	0.19947926492248746	0.19992087630486963	0.2000412436480299	0.1984198226137898
0.2003579790945806	0.20040613335291593	0.20120429558063488	0.19983817684298452	0.19819341512888386
0.20236946996703462	0.19922976335693454	0.20129042025125063	0.19895679518601522	0.19815355123876477
0.2008035031063837	0.1992478774860815	0.2005713340236788	0.20087287343247232	0.19850441195138346
0.20024884636795165	0.19828030595781135	0.2013522872022389	0.20039216072216146	0.1997263997498364
0.20123062943409184	0.19917933921699985	0.2015058196582393	0.2004341538906575	0.1976500578000113
0.20053363946202554	0.19769773643117236	0.20065542769172098	0.20053690914974062	0.20057628726534027
0.20141805479431563	0.20028036598268986	0.2003271805914945	0.1997432711920493	0.19823112743945046
0.2027814149512971	0.1990713935839722	0.2000578271670216	0.19942784292390892	0.19866152137379997
0.20182915200364449	0.19914122309785467	0.20014980084017944	0.1993102777040263	0.1995695463542949
0.20162788497478348	0.19854572213695235	0.20033267357425386	0.1993733589942934	0.2001203603197167
0.19993238481640133	0.2001176782469891	0.20139746894402155	0.2000170049833405	0.19853546300924732
0.20162945149162842	0.19877831451203257	0.20119078636866786	0.20020735507634957	0.19819409255132137
0.20155087290353818	0.19766727231625011	0.20159610637620773	0.19943559022364735	0.19975015818035644
0.20246605636281875	0.1984037427860396	0.20005659655258365	0.2003861428795112	0.19868746141904656
0.1997506038399931	0.19894201259759065	0.20140502301518545	0.20006204524892543	0.19984031529830515
0.20167968478471202	0.19748957896119337	0.20003432619018016	0.20004196801564567	0.20075444204826856
0.20215982784317268	0.19755477322784773	0.20163201770824243	0.19988188740730478	0.19877149381343215
0.19939034277282408	0.20008460029415698	0.20099518887249293	0.1989061336333085	0.2006237344272173
0.2003432866476677	0.2000663410591179	0.19986986509362004	0.20060539615995057	0.19911511103964352
0.19942700393377913	0.19999093236430499	0.2014924252695925	0.20086161349784107	0.1982280249344821
0.20145898687878544	0.1984495696239835	0.20075335967340754	0.19966812654444452	0.19966995727937878
0.20235058677058948	0.20037223637759533	0.19995008159052652	0.19947952768051988	0.19784756758076857
0.20162458612937026	0.1982056585465353	0.19981979640402486	0.20085969337126924	0.19949026554880014
0.20019133000597703	0.1998879339827239	0.2014604311769618	0.19998761380129537	0.1984726910330417
0.2001405074963129	0.19785678030294662	0.20116219889622575	0.20075897291375527	0.2000815403907592
0.20282149703175734	0.19749417436812994	0.200999651097788	0.20024910367588902	0.19843557382643548
0.19948666489380723	0.19890978856251093	0.20137865621294593	0.19962241254543792	0.20060247778529777
0.19928640287377733	0.20008069873511652	0.20080266839233357	0.19996865187844176	0.19986157812033056
0.20036561100871184	0.1995729495358138	0.20095204630407917	0.19945122347828617	0.19965816967310882
0.20244585584598943	0.19739599255665327	0.2015840062105742	0.19999794884580305	0.1985761965409798
0.20256760964535178	0.19825715146195053	0.20155549468499104	0.19967595530542434	0.19794378890228206
0.20105267033757043	0.19772782599495453	0.20103027365098233	0.20025175305197646	0.19993747696451603
0.20005560793822874	0.19825303303010475	0.2000780852454019	0.20078021053900136	0.20083306324726305
0.20303923112623898	0.1982259647026845	0.19999085161418795	0.20102415575198362	0.1977197968049047
0.2002656349205035	0.19999192126423712	0.2006233699505188	0.20024795025218828	0.19887112361255208
0.19938447590332986	0.19909638563970114	0.20118788778964633	0.20093222598576255	0.19939902468155987
0.20143335732711157	0.19836860515958635	0.20121493819189137	0.20034100548447203	0.19864209383693843
0.200075276671516	0.1997025970401157	0.20098797936940688	0.20017193990454446	0.1990622070144167
0.20169302536218783	0.20024188668849566	0.2010860770402009	0.19910931027197254	0.19786970063714285
0.20060300695430264	0.1997678461862298	0.20061251652635206	0.19995729707271112	0.19905933326040412
0.20172239394735458	0.1975671426152101	0.20134474055982407	0.20099320872773663	0.19837251414987436
0.201020190344511	0.1982399930725992	0.20043929533640842	0.1999388901325906	0.20036163111389055
0.20222014630279384	0.19746185763168517	0.20157350114857003	0.2008431969426522	0.19790129797429853
0.20039447603460403	0.19976079701814667	0.20064232465560342	0.20001857846390558	0.19918382382774008
0.20150220068232166	0.19740296115537406	0.20015973173109844	0.2008782633752232	0.20005684305598243
0.20032960889624166	0.1988683820209718	0.20146077233831464	0.20010857610933483	0.1992326606351369
0.20073401143914393	0.19865213422359912	0.20083452803026555	0.19938150550455724	0.2003978208024339
0.20240757456435637	0.19997266766369584	0.19980019537022267	0.19970728733843124	0.19811227506329362
0.20310733312265566	0.19937926736866107	0.20068014365022244	0.19916529072445657	0.19766796513400403
0.1993414580244751	0.1990880130229856	0.2009402408832355	0.1996790718235817	0.20095121624572188
0.20068797166567343	0.19893320869849226	0.20108276400010092	0.20107406997178093	0.19822198566395224
0.20169551404889108	0.19826539609418917	0.20078672862064997	0.20053957182966906	0.19871278940660053
0.20226660561546694	0.19783931271121286	0.20137078922794077	0.1989841177258254	0.19953917471955385
0.20045114882053816	0.19821836737518048	0.2014258800685284	0.1997919079489849	0.20011269578676782
0.20206831516194623	0.19957216512655732	0.2015520408918485	0.19896583119695824	0.19784164762268946
0.20114117066738205	0.19821958006893675	0.2006502221186632	0.2004227402668535	0.19956628687816427
0.20077206214197763	0.19871315906497727	0.20151014710805373	0.1988824898881507	0.20012214179684046
0.20015125072088397	0.1995389766907017	0.20056850810285334	0.1990745149081141	0.2006667495774467
0.20117123959150512	0.19914248583940794	0.2008956843741906	0.1990826661920937	0.19970792400280243
0.2027602205408064	0.1979233690592253	0.2009364833461619	0.19962216640191252	0.19875776065189363
0.2000902649460199	0.19886576335011366	0.20107240828795073	0.20083563359136525	0.19913592982455025
0.2024235451653708	0.1983903253556732	0.20175669033470817	0.19900418442301993	0.19842525472122768
0.20114280962193046	0.19844140710516955	0.2002884341771097	0.19921206082968906	0.20091528826610097
0.20126686206151698	0.19977623871169642	0.20008801942253412	0.19953953987931533	0.19932933992493695
0.19951373164015468	0.19978618709131116	0.20055764122019634	0.2009411752686161	0.1992012647797215
0.20265550148992678	0.19765955751338407	0.20139290515485084	0.19956450671654946	0.19872752912528865
0.1998801880788187	0.19991901335208512	0.19986686815398347	0.20067091883348157	0.19966301158163094
0.20053394019459586	0.19809674360842863	0.20162733715394338	0.19970610560896923	0.2000358734340627
