0.5249028949327592	0.4750971050672405
0.5231498276755889	0.47685017232441074
0.5233287565285092	0.4766712434714905
0.5260666850516528	0.4739333149483469
0.525377435835684	0.47462256416431564
0.5233314444489868	0.4766685555510129
0.5234369099401265	0.47656309005987313
0.523171811455382	0.47682818854461767
0.5238621082501475	0.47613789174985227
0.524179601795592	0.47582039820440764
0.524077626694427	0.4759223733055727
0.5245008630861251	0.4754991369138745
0.525974780748343	0.47402521925165664
0.5249713631290706	0.4750286368709291
0.5241499199720722	0.47585008002792745
0.5235941081306903	0.4764058918693094
0.525883113168955	0.47411688683104464
0.5250584962417253	0.4749415037582744
0.5243472428922726	0.47565275710772703
0.5239305346400323	0.47606946535996747
0.5233997533505209	0.47660024664947875
0.5249251003423713	0.47507489965762834
0.5241651651310637	0.4758348348689359
0.5238402119156963	0.47615978808430337
0.5238726383072733	0.47612736169272635
0.524026423620252	0.4759735763797477
0.5256629970721458	0.4743370029278539
0.5257386186380999	0.47426138136189977
0.5244924167633427	0.475507583236657
0.524320997087693	0.47567900291230664
0.5250278939468397	0.47497210605316
0.5237134316563166	0.47628656834368305
0.5259597636759754	0.4740402363240242
0.5232478754432744	0.47675212455672517
0.5255405821735012	0.4744594178264984
0.5257257662620691	0.47427423373793054
0.5250752157016656	0.47492478429833407
0.5243861273416383	0.47561387265836136
0.5253827276077971	0.4746172723922025
0.5255612214588512	0.47443877854114846
0.5240489229476969	0.4759510770523028
0.5259251618152928	0.4740748381847069
0.5237460218007084	0.4762539781992912
0.5252239651849782	0.4747760348150215
0.5249027059682727	0.475097294031727
0.5236967003581754	0.4763032996418243
0.5247706533286131	0.4752293466713866
0.5253709376886022	0.47462906231139745
0.5253135846765515	0.47468641532344813
0.524251940013935	0.4757480599860646
0.5231397409431485	0.4768602590568512
0.5234975082094353	0.4765024917905644
0.5243450062533465	0.4756549937466532
0.5246852814555915	0.4753147185444082
0.5233652416224144	0.47663475837758523
0.5240951875127566	0.47590481248724303
0.525174864749972	0.4748251352500277
0.5232804262040412	0.4767195737959585
0.5238747398143301	0.47612526018566953
0.5260973967306208	0.4739026032693789
0.524962046810497	0.4750379531895027
0.5233534943504307	0.476646505649569
0.524640852248167	0.4753591477518327
0.5248733309955589	0.4751266690044408
0.5238935318233097	0.47610646817669006
0.524704930211157	0.47529506978884256
0.5260459352965582	0.47395406470344154
0.5259908574467188	0.4740091425532809
0.523399807038354	0.4766001929616457
0.5252355889145738	0.47476441108542594
0.5240541804394114	0.47594581956058823
0.5252613478115092	0.4747386521884905
0.5255045956960983	0.47449540430390136
0.5231659220831176	0.47683407791688204
0.5231416574406075	0.47685834255939213
0.5237340534187678	0.4762659465812319
0.5257047901859917	0.474295209814008
0.5235947161233885	0.4764052838766112
0.5258561293199506	0.474143870680049
0.5260355368171992	0.47396446318280055
0.5255629791767698	0.47443702082322986
0.5260381262518719	0.4739618737481278
0.5233127846468763	0.47668721535312336
0.5248138165204069	0.4751861834795928
0.5240549914972193	0.4759450085027803
0.5234001206184299	0.4765998793815698
0.5246199354657566	0.4753800645342431
0.5250223406809423	0.4749776593190574
0.5256942613897514	0.4743057386102483
0.5255473425945537	0.47445265740544595
0.5257899832830452	0.47421001671695456
0.5248411361325718	0.4751588638674279
0.5257777623479408	0.47422223765205884
0.5235393731887278	0.47646062681127194
0.5244645906104247	0.4755354093895749
0.5239818523499601	0.47601814765003964
0.5261008559339528	0.47389914406604683
0.5245000443381843	0.47549995566181535
0.524540681785838	0.47545931821416165
0.5243506335281106	0.47564936647188905
0.5258012046545062	0.4741987953454934
0.5248157338317664	0.4751842661682333
0.5243851540060778	0.47561484599392195
0.5245554796242594	0.4754445203757402
0.5243974678462605	0.47560253215373915
0.5258187027750711	0.4741812972249285
0.5253621131336806	0.47463788686631897
0.5258727761319447	0.474127223868055
0.5243100278710197	0.47568997212898007
0.525121605451313	0.47487839454868663
0.5254488656438877	0.47455113435611196
0.5235730132199874	0.4764269867800123
0.5242317130963406	0.475768286903659
0.5236923993227841	0.4763076006772155
0.5231846322184446	0.4768153677815551
0.5233451597489287	0.4766548402510709
0.5232378994868513	0.4767621005131483
0.5242665485167561	0.4757334514832435
0.5252097101556623	0.4747902898443373
0.5251867618529094	0.4748132381470903
0.5249880776520826	0.4750119223479171
0.5236861795217139	0.47631382047828574
0.5258097352340801	0.4741902647659195
0.5246085203096061	0.4753914796903936
0.5259348555097402	0.4740651444902595
0.5246354090461166	0.47536459095388306
0.5236746478042719	0.47632535219572775
0.5231664762943694	0.4768335237056303
0.5240773367045768	0.4759226632954229
0.523341766693271	0.47665823330672863
0.5242884305374205	0.47571156946257914
0.524240078461658	0.4757599215383416
0.5256113100816563	0.4743886899183434
0.5250234064788061	0.4749765935211936
0.5257533996494694	0.47424660035053023
0.5244944806123508	0.4755055193876489
0.5251040393835309	0.47489596061646877
0.523797744512076	0.4762022554879237
0.5235081255553029	0.47649187444469676
0.5240610669888293	0.4759389330111704
0.525916761017368	0.47408323898263166
0.523289410445944	0.47671058955405565
0.5246070097995019	0.47539299020049774
0.5236005199200607	0.47639948007993893
0.5247284480514421	0.4752715519485575
0.5260573323462523	0.47394266765374743
0.5243675587805215	0.4756324412194782
0.5257694872360867	0.4742305127639129
0.5233609569933785	0.4766390430066212
0.5244604072914829	0.4755395927085167
0.5250089579319052	0.47499104206809456
0.5232801180695446	0.4767198819304551
0.5257014551948646	0.4742985448051351
0.5249214835760868	0.4750785164239128
0.5261182519384159	0.4738817480615838
0.5234695561234596	0.47653044387654003
0.5240097864011715	0.4759902135988282
0.5251042833472915	0.4748957166527082
0.5257607353967737	0.47423926460322596
0.5253563786409282	0.4746436213590714
0.525818016844703	0.4741819831552967
0.5237744371014893	0.47622556289851037
0.5258981443730433	0.47410185562695645
0.5253639428306538	0.4746360571693459
0.5245779081779002	0.4754220918220995
0.5234309078596239	0.4765690921403758
0.5250418338395964	0.47495816616040326
0.5237563464898255	0.47624365351017417
0.5252069414475565	0.47479305855244314
0.525675557876622	0.47432444212337765
0.5231940774126713	0.4768059225873284
0.5252813288833038	0.4747186711166958
0.5257340904424419	0.47426590955755776
0.5235621817111569	0.4764378182888428
0.5239733297151992	0.4760266702848005
0.5258224682243225	0.4741775317756771
0.5256010395167604	0.47439896048323926
0.5257862785142866	0.47421372148571306
0.5256525583498641	0.47434744165013554
0.5250289973310711	0.47497100266892855
0.5234450127486209	0.4765549872513788
0.5232036956486902	0.47679630435130943
0.5258362974199267	0.474163702580073
0.524356775195481	0.4756432248045187
0.5242874099246913	0.4757125900753085
0.5256408141847047	0.47435918581529496
0.5246709498053183	0.47532905019468147
0.5259775598825102	0.47402244011748956
0.5248829493484826	0.47511705065151716
0.525551528766201	0.47444847123379863
0.5239718419881361	0.47602815801186354
0.525883334700841	0.47411666529915863
0.5236702137489951	0.4763297862510045
0.5235583888000184	0.4764416111999813
0.5247633003120228	0.47523669968797694
0.5241880656676443	0.4758119343323554
0.5248547673233662	0.47514523267663344
0.5253259316297272	0.4746740683702725
0.5252816093335894	0.47471839066641036
0.5252610357207705	0.4747389642792291
0.5253997418756159	0.4746002581243838
0.5235615488795387	0.47643845112046096
0.5242485191629328	0.47575148083706686
0.5248108680773459	0.47518913192265383
0.5253691602660087	0.474630839733991
0.5242617518917928	0.47573824810820686
0.5253052802512123	0.4746947197487874
0.5248649397706027	0.475135060229397
0.5254672530507357	0.4745327469492639
0.5231754360334627	0.47682456396653694
0.5247267176615331	0.47527328233846655
0.5259538119932352	0.47404618800676446
0.523187292272412	0.4768127077275876
0.5245795621044571	0.47542043789554256
0.5257448293737244	0.4742551706262753
0.5246761220263728	0.4753238779736268
0.5237700431232872	0.4762299568767125
0.5246405354357259	0.47535946456427386
0.5253087001766832	0.4746912998233165
0.5248836604435906	0.47511633955640914
0.525919049624861	0.47408095037513864
0.5231905219733218	0.4768094780266779
0.5254587789176307	0.474541221082369
0.5258827255942236	0.4741172744057761
0.5260622518370048	0.47393774816299483
0.5250618576859389	0.47493814231406073
0.5259463797118049	0.4740536202881947
0.5253304640265892	0.47466953597341044
0.5249168354342056	0.47508316456579397
0.524928920243055	0.4750710797569446
0.5251917525514731	0.47480824744852657
0.5247984704359747	0.4752015295640249
0.525278478865065	0.47472152113493465
0.5261190230397724	0.47388097696022724
0.5247945135569313	0.47520548644306837
0.5237923292123222	0.4762076707876775
0.5234647641287065	0.47653523587129326
0.5256200598934794	0.47437994010652024
0.5244129720423708	0.4755870279576289
0.5259500826163848	0.47404991738361485
0.5259524981790764	0.47404750182092326
0.5258868575386705	0.4741131424613292
0.524661689634243	0.47533831036575674
0.5255158658447562	0.4744841341552435
0.5241784852606615	0.4758215147393382
0.5237723574550218	0.47622764254497785
0.5239218860999667	0.47607811390003296
0.5239908083542119	0.47600919164578775
0.5231737134092597	0.47682628659073995
0.5247246712102819	0.47527532878971784
0.5237190133404909	0.47628098665950874
0.5237711929984609	0.4762288070015388
0.5245984832919358	0.4754015167080639
0.5244661962183996	0.4755338037816001
0.526105681190987	0.4738943188090127
0.5234377506820063	0.4765622493179934
0.5242707998730746	0.4757292001269251
0.5241965506255385	0.4758034493744611
0.5258318801550728	0.47416811984492696
0.5233155987037894	0.4766844012962103
0.524605070601022	0.47539492939897765
0.5257545089211082	0.47424549107889147
0.5236493756575671	0.4763506243424326
0.5258943722900548	0.4741056277099449
0.5246632040893285	0.47533679591067113
0.5256522577149497	0.4743477422850499
0.5260527165961153	0.47394728340388437
0.5242337075381027	0.475766292461897
0.523789141130089	0.4762108588699107
0.5238528970183502	0.4761471029816494
0.5233360748583897	0.4766639251416099
0.5244426794144997	0.47555732058549993
0.523950206304411	0.4760497936955887
0.5232911149406014	0.47670888505939824
0.5261036047370639	0.47389639526293587
0.523328370425204	0.4766716295747957
0.5255602965348326	0.47443970346516706
0.5239738156909477	0.4760261843090519
0.5241545630195454	0.4758454369804543
0.5235770792927383	0.47642292070726133
0.525025913157555	0.4749740868424447
0.52314056707723	0.4768594329227697
0.5253772648779373	0.47462273512206227
0.5258306524574503	0.47416934754254936
0.5232283323039701	0.47677166769602947
0.5244514488894104	0.4755485511105893
0.5247443019355982	0.47525569806440154
0.5234509042897723	0.4765490957102274
0.523119922258313	0.47688007774168656
0.5249283703952282	0.4750716296047714
0.5241448612760208	0.47585513872397883
0.5250790625854879	0.4749209374145118
0.5248768823354978	0.4751231176645018
0.5238056319058927	0.47619436809410703
0.5234143758696957	0.4765856241303039
0.5260158899811848	0.4739841100188149
0.5243952818682959	0.4756047181317038
0.5256701185324706	0.474329881467529
0.5254025297363241	0.47459747026367566
0.52495093029566	0.4750490697043397
0.5244784710116314	0.4755215289883683
0.5244318521731554	0.4755681478268443
0.5246825981858304	0.47531740181416926
0.5259974698993162	0.47400253010068355
0.5248734276617011	0.4751265723382986
0.5255965228666778	0.47440347713332187
0.5236830801262546	0.476316919873745
0.5249048173312914	0.4750951826687083
0.5256752062397295	0.4743247937602702
0.5253551182083374	0.47464488179166225
0.5258558170008978	0.47414418299910194
0.5245056281995761	0.47549437180042353
0.524462105048011	0.4755378949519886
0.5240991009927418	0.47590089900725785
0.5234489843909159	0.4765510156090838
0.5234286190361337	0.476571380963866
0.525576104369671	0.47442389563032866
0.5249393106660786	0.4750606893339211
0.525456341327083	0.4745436586729167
0.5243662116562678	0.47563378834373177
0.5236628901221362	0.47633710987786354
0.5256719580943578	0.4743280419056418
0.5236950368726011	0.4763049631273985
0.5238075768961727	0.47619242310382687
0.5231437551037413	0.47685624489625833
0.5247502226756608	0.47524977732433876
0.5237104209620733	0.4762895790379263
0.52486656442037	0.47513343557962967
0.5243422720448272	0.47565772795517247
0.5248633317121533	0.4751366682878464
0.5248479751601672	0.47515202483983243
0.5233062084908108	0.47669379150918884
0.5248601191622313	0.47513988083776837
0.5240322564050439	0.4759677435949557
0.5237103620125683	0.4762896379874314
0.5246409357230104	0.47535906427698926
0.5251351245084345	0.47486487549156514
0.5243290529306395	0.4756709470693602
0.5255774875212615	0.4744225124787382
0.5236141268187152	0.4763858731812845
0.5242029808009093	0.4757970191990903
0.5238698592836886	0.4761301407163111
0.5249059263049541	0.4750940736950455
0.5243775338010299	0.47562246619896975
0.5238386784280993	0.4761613215719004
0.5243500543485867	0.4756499456514129
0.5256351591343186	0.4743648408656811
0.5239402315240513	0.4760597684759483
0.5234637468435854	0.4765362531564143
0.525518250909622	0.4744817490903776
0.523403757464374	0.4765962425356257
0.5258246398789511	0.47417536012104855
0.5245596275933305	0.4754403724066691
0.5254752700968227	0.47452472990317696
0.5235712521837733	0.4764287478162263
0.5249140689341947	0.475085931065805
0.5253266880705544	0.4746733119294453
0.5256830948046046	0.47431690519539504
0.5260727405662401	0.4739272594337595
0.5250753799364356	0.47492462006356406
0.5232111532550413	0.4767888467449584
0.5240849701457974	0.4759150298542023
0.5231417735126349	0.47685822648736476
0.5244835167632816	0.47551648323671797
0.5242285155640193	0.4757714844359804
0.5242364705014597	0.47576352949853995
0.5232168332089595	0.47678316679104016
0.5234433561687601	0.4765566438312396
0.5240564938662953	0.4759435061337044
0.5245927038066303	0.4754072961933694
0.52488841347652	0.4751115865234797
0.5237451353128576	0.476254864687142
0.5249809109418995	0.47501908905810025
0.5251771994447432	0.47482280055525655
0.524416334748946	0.4755836652510537
0.5251685287930896	0.47483147120691005
0.5241134319819934	0.47588656801800616
0.5243808314098424	0.47561916859015735
0.5258214749484333	0.4741785250515663
0.5240771644919938	0.47592283550800585
0.5239562961726211	0.4760437038273786
0.5251044607026865	0.4748955392973132
0.5242190127315575	0.47578098726844226
0.5243486417620399	0.47565135823795973
0.5232678705648858	0.4767321294351139
0.523918138701497	0.4760818612985028
0.5251860775959251	0.47481392240407455
0.5232152719496053	0.4767847280503944
0.5237441028752902	0.47625589712470945
0.5248099585619832	0.47519004143801646
0.524785579085743	0.4752144209142567
0.5249505342529033	0.4750494657470964
0.5242022217028407	0.4757977782971589
0.5233350903449816	0.47666490965501807
0.5247572071426869	0.47524279285731275
0.5247155307583418	0.4752844692416579
0.5246735403394264	0.4753264596605733
0.524086029850693	0.47591397014930675
0.5252266712893613	0.4747733287106384
0.5239761846399988	0.4760238153600008
0.5257705116707327	0.474229488329267
0.5254875537357192	0.47451244626428046
0.5239267987785328	0.47607320122146685
0.5260644542491121	0.4739355457508876
0.5237504036310885	0.4762495963689112
0.5240645346396936	0.47593546536030606
0.5251233562863467	0.47487664371365296
0.5249202768266688	0.4750797231733309
0.5234925299569535	0.47650747004304617
0.5240175786211394	0.47598242137886027
0.5241450149667981	0.47585498503320156
0.5243456079395594	0.4756543920604402
0.5231397830547478	0.4768602169452518
0.5251847580508155	0.4748152419491841
0.5260945463834664	0.47390545361653325
0.5232768539794078	0.47672314602059185
0.5235801166499168	0.47641988335008295
0.5235645519019436	0.47643544809805605
0.5237347479620554	0.4762652520379442
0.5255332631115261	0.4744667368884736
0.5250886009219586	0.474911399078041
0.524511506921958	0.47548849307804164
0.5236019641162042	0.4763980358837955
0.5248816335553754	0.4751183664446242
0.523511136591541	0.4764888634084586
0.5256238018550397	0.47437619814495996
0.5257945303201309	0.47420546967986876
0.5233911277409937	0.476608872259006
0.5250900274197278	0.47490997258027184
0.525243382908343	0.4747566170916566
0.5237907417159404	0.47620925828405924
0.524428744148418	0.47557125585158166
0.526006362247137	0.47399363775286263
0.5246303695102156	0.4753696304897841
0.5257599351654121	0.4742400648345876
0.5242539220261307	0.47574607797386886
0.5242462299859856	0.4757537700140141
0.5253484163621943	0.47465158363780535
0.5250728617155206	0.47492713828447913
0.5241845524868135	0.47581544751318616
0.5245430530129226	0.4754569469870771
0.5245855257076656	0.4754144742923341
0.5238188242755949	0.47618117572440477
0.5233746103057805	0.47662538969421925
0.5232484000109315	0.4767515999890681
0.5255716669047971	0.47442833309520266
0.5253113787295969	0.47468862127040284
0.5244197770001173	0.4755802229998824
0.524262182851634	0.4757378171483657
0.5256407061491778	0.4743592938508219
0.5248580108041614	0.4751419891958383
0.5245572084073851	0.47544279159261466
0.5238910929177009	0.47610890708229886
0.5249136883016662	0.47508631169833354
0.5239155530757877	0.4760844469242119
0.5255009774700639	0.4744990225299358
0.523841444081859	0.4761585559181407
0.5241550974263345	0.4758449025736652
0.5252830352177257	0.474716964782274
0.5232093063310095	0.4767906936689902
0.5244957431466686	0.4755042568533311
0.5250825654100438	0.47491743458995583
0.5231067219094255	0.4768932780905741
0.5236582624367839	0.4763417375632157
0.5259932494458056	0.4740067505541941
0.5244612861528359	0.4755387138471637
0.5240964448922304	0.4759035551077692
0.5251871846605737	0.47481281533942593
0.5257495276458753	0.47425047235412426
0.5261123046290118	0.47388769537098785
0.5238068431479904	0.4761931568520093
0.5251321873146335	0.47486781268536615
0.525265490230009	0.4747345097699906
0.5253457914530698	0.4746542085469298
0.5244049294108791	0.4755950705891206
0.5260189439328127	0.473981056067187
0.525799603502765	0.4742003964972346
0.5249998358654367	0.4750001641345629
0.524169708107392	0.4758302918926076
0.5233132657130598	0.47668673428693986
0.5255872736661245	0.4744127263338752
0.5259927584175588	0.4740072415824409
0.5241249485351367	0.475875051464863
0.5243676746731577	0.47563232532684196
0.5247159209840478	0.47528407901595177
0.5250824208622068	0.47491757913779287
0.5251623789197931	0.4748376210802066
0.5249801203149267	0.475019879685073
0.5258749092881365	0.47412509071186315
0.5234014167347498	0.4765985832652499
0.5251710573052679	0.4748289426947318
0.5243658833068999	0.4756341166930998
0.5245320658935081	0.4754679341064916
0.5233135467300192	0.47668645326998044
0.5237685266584848	0.47623147334151483
0.5241645816325017	0.475835418367498
0.5257410294764702	0.4742589705235295
0.5254012340281669	0.47459876597183287
0.5247591794660494	0.4752408205339502
0.5241933981093284	0.4758066018906713
0.5259491238159933	0.4740508761840063
0.525466390522758	0.47453360947724166
0.5235388371973765	0.4764611628026232
0.5238663779927888	0.4761336220072109
0.5240606004992537	0.47593939950074593
0.5249916152039829	0.4750083847960168
0.5233390962295443	0.4766609037704554
0.523519165505319	0.47648083449468076
0.5241084219963239	0.4758915780036757
0.5233891802970535	0.4766108197029462
0.5255577392062817	0.47444226079371793
0.5243766080678708	0.47562339193212894
0.5237443071675196	0.4762556928324801
0.5231891476358695	0.4768108523641302
0.5251435432734154	0.4748564567265842
0.5241792539254881	0.4758207460745116
0.5256727471299913	0.4743272528700083
0.5234614314633554	0.4765385685366443
0.5248020447906309	0.47519795520936875
0.5232750738843901	0.4767249261156096
0.5239389076443121	0.47606109235568755
0.5236483331011039	0.4763516668988957
0.5236933481560737	0.476306651843926
0.5243237059160963	0.47567629408390333
0.5255587872575683	0.4744412127424314
0.5251938407048393	0.4748061592951603
0.5235875310853194	0.4764124689146803
0.5253338932660134	0.47466610673398624
0.525292936610234	0.47470706338976565
0.5240652181082556	0.4759347818917441
0.5231615651806457	0.476838434819354
0.5260390427172502	0.4739609572827495
0.5244947050320735	0.47550529496792615
0.5251208306366657	0.474879169363334
0.5243248598662973	0.4756751401337024
0.524128675125225	0.4758713248747747
0.5241881733232795	0.4758118266767202
0.5242026300341405	0.47579736996585914
0.5241632449059357	0.475836755094064
0.5259893873176973	0.4740106126823024
0.5255519295651364	0.47444807043486326
0.5255865941836299	0.4744134058163698
0.5258122602470073	0.47418773975299233
0.5254576778789082	0.4745423221210915
0.5254072727904276	0.474592727209572
0.5231011133130763	0.4768988866869234
0.5247880992207985	0.47521190077920117
0.5252737882314712	0.4747262117685284
0.5246155724712406	0.47538442752875903
0.5235680384475565	0.47643196155244316
0.5239261542585371	0.47607384574146266
0.5249709659051472	0.4750290340948525
0.5242969295780879	0.47570307042191173
0.523419362552496	0.4765806374475036
0.5237230156720076	0.4762769843279921
0.5238348354354952	0.47616516456450436
0.5237724078715441	0.4762275921284556
0.5259548493182066	0.47404515068179304
0.5234174133709907	0.476582586629009
0.524150266191148	0.47584973380885165
0.5241407022002996	0.47585929779970004
0.524345565377338	0.4756544346226616
0.5246330976801837	0.475366902319816
0.5242226969875614	0.4757773030124383
0.5252591611707654	0.47474083882923424
0.5244530078975085	0.47554699210249113
0.5237924001569436	0.476207599843056
0.5233436571361172	0.4766563428638824
0.5254855785525085	0.4745144214474912
0.5238379768113286	0.476162023188671
0.5234773248447455	0.47652267515525415
0.52500774123994	0.4749922587600597
0.5235725653766787	0.476427434623321
0.5241453674637436	0.47585463253625604
0.5236134065330561	0.4763865934669436
0.5242336091531176	0.4757663908468821
0.5247076553571828	0.4752923446428169
0.524763992209731	0.47523600779026864
0.52588268015812	0.4741173198418796
0.5233733408871313	0.4766266591128684
0.5236774933837114	0.4763225066162883
0.5248641023471203	0.47513589765287934
0.5238530283779509	0.4761469716220488
0.5237223293952512	0.4762776706047485
0.5233843906541256	0.47661560934587405
0.5234098368725344	0.4765901631274653
0.5242437123707373	0.47575628762926236
0.5242371305033633	0.4757628694966364
0.5231883853056016	0.47681161469439803
0.525890552823084	0.4741094471769157
0.524657405107086	0.4753425948929137
0.5235810276896229	0.4764189723103768
0.524500199161199	0.4754998008388006
0.5232209850517303	0.4767790149482694
0.5242801347800011	0.47571986521999854
0.524695122759409	0.4753048772405907
0.5249739703326856	0.4750260296673141
0.5240409081343299	0.47595909186566976
0.5234025107175044	0.47659748928249523
0.5259585053933922	0.4740414946066075
0.523368895811343	0.47663110418865656
0.5255619948820253	0.47443800511797435
0.5232102211234909	0.47678977887650875
0.5256915612597001	0.4743084387402996
0.5232742941883729	0.47672570581162677
0.5247883329289316	0.47521166707106804
0.5257042257366039	0.47429577426339575
0.5240537308035639	0.4759462691964358
0.5241007463222682	0.47589925367773145
0.5251139618777421	0.4748860381222576
0.5249598183990406	0.4750401816009591
0.5242314181548166	0.4757685818451831
0.525928563384172	0.4740714366158276
0.5249886873206591	0.47501131267934066
0.524875152342837	0.4751248476571627
0.5234152747228306	0.47658472527716905
0.524545645701469	0.47545435429853067
0.524128021363822	0.47587197863617764
0.525029390353913	0.47497060964608667
0.5255803595142039	0.47441964048579577
0.5240951656223554	0.47590483437764436
0.5235546850644351	0.4764453149355645
0.5257750446773936	0.47422495532260606
0.5253224798711734	0.47467752012882625
0.5236382523359352	0.4763617476640645
0.5241385057190248	0.47586149428097496
0.5235589536082111	0.4764410463917886
0.5258212617453607	0.474178738254639
0.5246128116925365	0.4753871883074631
0.5258184628108046	0.4741815371891951
0.5257140751458544	0.47428592485414517
0.5240664830435879	0.4759335169564118
0.5254203019205718	0.4745796980794279
0.5232149291683734	0.4767850708316262
0.525511957109096	0.4744880428909036
0.5260828568746831	0.4739171431253165
0.5251102923679751	0.47488970763202454
0.5243752693027103	0.47562473069728933
0.5258480506040394	0.4741519493959602
0.5254898516776327	0.47451014832236693
0.5231370394105789	0.4768629605894208
0.5256160062260193	0.47438399377398033
0.5231868707809215	0.47681312921907815
0.5247799711316031	0.4752200288683966
0.5247619838744917	0.475238016125508
0.5253780112059204	0.47462198879407924
0.5247797157507682	0.47522028424923146
0.5251513446091012	0.4748486553908985
0.5233224554449749	0.47667754455502476
0.5252375482859925	0.47476245171400727
0.5260415581569776	0.47395844184302205
0.5249289795860054	0.4750710204139943
0.5233313027890634	0.47666869721093624
0.5260188575330196	0.4739811424669801
0.5253693313187539	0.47463066868124576
0.5233563857437717	0.4766436142562279
0.5241656954660344	0.47583430453396525
0.5240669516544931	0.47593304834550654
0.5254276418821909	0.47457235811780873
0.524144362457921	0.47585563754207877
0.5249995588088181	0.47500044119118157
0.5233188431325438	0.4766811568674558
0.5238388353555788	0.4761611646444208
0.5257055188645906	0.4742944811354091
0.5253366460940891	0.4746633539059105
0.5243290304864282	0.4756709695135715
0.5237293191136045	0.4762706808863951
0.5244801449353517	0.47551985506464806
0.5254882188605675	0.47451178113943215
0.5240237225811086	0.4759762774188911
0.5252299689792236	0.4747700310207761
0.523517347804617	0.47648265219538266
0.5234769216499812	0.4765230783500185
0.5255637066868708	0.47443629331312887
0.5240163172306634	0.4759836827693362
0.525465210851705	0.4745347891482947
0.5260685448132991	0.4739314551867006
0.5259017497635697	0.47409825023643
0.5235078225024828	0.47649217749751677
0.525946378227703	0.47405362177229665
0.5253265000235574	0.47467349997644226
0.525318121818711	0.47468187818128865
0.5253419753672908	0.47465802463270895
0.5244105246467463	0.4755894753532533
0.5252480748099079	0.4747519251900918
0.5257981648317116	0.474201835168288
0.5257316434043133	0.4742683565956863
0.5254703782077617	0.47452962179223795
0.5245986819233066	0.47540131807669306
0.5252270904871216	0.47477290951287804
0.525655516473431	0.47434448352656866
0.5252681581661619	0.4747318418338377
0.5256806582363985	0.47431934176360113
0.5237771134726978	0.4762228865273019
0.525476033958476	0.4745239660415237
0.526048923684729	0.4739510763152707
0.5255497745834348	0.4744502254165649
0.525529613133055	0.47447038686694465
0.5253636341793823	0.47463636582061747
0.5258118080861708	0.4741881919138288
0.524900419972274	0.4750995800277256
0.5239764117850968	0.47602358821490287
0.5258702365824601	0.4741297634175396
0.5250372126546377	0.474962787345362
0.5232471443231014	0.47675285567689835
0.5247859007598707	0.4752140992401289
0.5238947257265422	0.4761052742734575
0.5249543542691979	0.47504564573080177
0.5260496380887794	0.47395036191122036
0.5244900824665639	0.4755099175334358
0.5235670735685674	0.4764329264314323
0.5239210488760018	0.4760789511239979
0.5259855844109244	0.47401441558907537
0.523113493582994	0.4768865064170057
0.5249527978653912	0.4750472021346085
0.526080028530803	0.47391997146919657
0.5258238283575418	0.47417617164245784
0.52567601254118	0.47432398745881965
0.5247535450907406	0.4752464549092591
0.5255235716794182	0.47447642832058146
0.5256288696559591	0.4743711303440406
0.5249301132154668	0.4750698867845329
0.5257551220186489	0.47424487798135073
0.5236297499154478	0.4763702500845519
0.5260060727278507	0.47399392727214895
0.524083384270847	0.4759166157291526
0.5248474550286965	0.47515254497130316
0.5238499336496641	0.4761500663503355
0.5241023105110856	0.4758976894889141
0.5237375418737693	0.4762624581262303
0.5243867260138628	0.47561327398613684
0.5261052316233408	0.4738947683766589
0.5244827697519276	0.4755172302480721
0.5240996301169543	0.47590036988304535
0.5244273737055815	0.47557262629441827
0.5243124765779736	0.4756875234220261
0.5238676241268838	0.47613237587311585
0.5261133178621265	0.47388668213787327
0.5259003203794127	0.47409967962058697
0.5259359672235581	0.4740640327764416
0.5257244359459626	0.47427556405403704
0.5256511236484831	0.4743488763515166
0.5238178784530384	0.4761821215469613
0.524050753197886	0.47594924680211365
0.5234942285966985	0.47650577140330114
0.5239534393405267	0.4760465606594729
0.5259547401796838	0.4740452598203158
0.5235946493403152	0.4764053506596845
0.5260165683278402	0.47398343167215945
0.5242090570593105	0.4757909429406892
0.52348034679671	0.4765196532032897
0.5251381695703059	0.4748618304296938
0.5253049733489531	0.47469502665104657
0.5244127249302886	0.47558727506971116
0.5249659736112611	0.47503402638873865
0.5237654474305301	0.47623455256946956
0.5240826276579942	0.4759173723420055
0.5237019502900756	0.476298049709924
0.523197496990771	0.47680250300922866
0.5236567112914395	0.4763432887085602
0.5246646068925637	0.475335393107436
0.5233794374256406	0.47662056257435903
0.5236368926639181	0.4763631073360815
0.525978025570504	0.4740219744294956
0.5241234606860662	0.4758765393139335
0.5233549792763718	0.4766450207236279
0.524576412193493	0.4754235878065066
0.5249636469961684	0.4750363530038313
0.5245542835100171	0.4754457164899826
0.5256576339082453	0.47434236609175445
0.5244597285400527	0.4755402714599469
0.523503989495868	0.4764960105041317
0.5243600024427634	0.47563999755723624
0.5260068408447186	0.4739931591552811
0.526015461213033	0.4739845387869667
0.5244174551107447	0.475582544889255
0.5246730480664654	0.4753269519335343
0.5241152056403946	0.47588479435960507
0.5234133432122356	0.4765866567877641
0.5242418597213229	0.47575814027867686
0.5236443647417997	0.4763556352582
0.5251742825530797	0.4748257174469199
0.5246897281904388	0.4753102718095609
0.5236114866776723	0.4763885133223274
0.5244572471701446	0.4755427528298551
0.5240396211030172	0.47596037889698245
0.5235925573377743	0.47640744266222534
0.5243602496651977	0.47563975033480205
0.5257529359963807	0.474247064003619
0.5245797096899303	0.4754202903100694
0.5255370823082309	0.47446291769176874
0.5233162884593108	0.4766837115406889
0.5236226842674758	0.4763773157325238
0.5239025649323985	0.4760974350676011
0.524135521435426	0.4758644785645737
0.5234594746796453	0.47654052532035446
0.5248634896953827	0.47513651030461707
0.5245340310528255	0.4754659689471742
0.5231610874596903	0.4768389125403094
0.5245635514909867	0.47543644850901295
0.5246696521824477	0.47533034781755207
0.5256034270666982	0.47439657293330145
0.525503696518777	0.4744963034812226
0.5259533880213676	0.47404661197863207
0.5248303460454387	0.47516965395456107
0.5247077782608567	0.47529222173914293
0.5239107574281169	0.47608924257188284
0.5236530016916361	0.4763469983083635
0.5232675547792989	0.4767324452207008
0.5231321374500847	0.4768678625499149
0.5242784876362556	0.47572151236374405
0.5247673151607015	0.4752326848392981
0.5245585658105959	0.4754414341894037
0.5247866390829875	0.4752133609170121
0.5237996704850827	0.476200329514917
0.5257866318345265	0.47421336816547327
0.5242737937569032	0.47572620624309647
0.5234528095896179	0.4765471904103818
0.5245823927451179	0.47541760725488186
0.5237152277629459	0.4762847722370538
0.5237563196811462	0.4762436803188535
0.5242991346028084	0.47570086539719125
0.5260879792274112	0.4739120207725885
0.5232441615732508	0.47675583842674885
0.5241561405313293	0.4758438594686703
0.5233837428933943	0.4766162571066053
0.5257722909449448	0.47422770905505485
0.523622498200322	0.4763775017996776
0.5241366730964965	0.47586332690350314
0.5243083680696515	0.4756916319303481
0.5247487949571288	0.47525120504287083
0.5233776764077804	0.47662232359221923
0.5255990560688732	0.4744009439311264
0.5242011628902117	0.475798837109788
0.5236324619975287	0.476367538002471
0.5233980100844097	0.47660198991559005
0.5242092918838919	0.4757907081161078
0.5231674525497997	0.4768325474502
0.5251541007177528	0.47484589928224685
0.5253915516942597	0.47460844830574006
0.5235538867318948	0.4764461132681049
0.5252662334905251	0.4747337665094746
0.5235008023478528	0.47649919765214693
0.5237020190780743	0.47629798092192527
0.5253949405124627	0.47460505948753695
0.5250115271209836	0.47498847287901597
0.5255332555475937	0.47446674445240605
0.5253814449620644	0.4746185550379352
0.5245543921931836	0.47544560780681616
0.5243813793412093	0.4756186206587903
0.5249858783644781	0.4750141216355216
0.5243398815241996	0.4756601184758
0.5251798080587267	0.474820191941273
0.5247085057812914	0.4752914942187083
0.525840608475108	0.4741593915248916
0.5261101003201124	0.47388989967988726
0.5240426431195063	0.4759573568804933
0.5260285653663351	0.47397143463366453
0.5252246566305605	0.47477534336943916
0.5255392064376304	0.4744607935623692
0.5259800229605551	0.4740199770394446
0.5246949644947543	0.4753050355052454
0.5255903992492539	0.47440960075074573
0.5254638047600331	0.4745361952399666
0.5256430379370539	0.47435696206294575
0.5260002794286881	0.4739997205713115
0.5249786873965145	0.4750213126034851
0.5232556997694517	0.4767443002305479
0.5254367111497276	0.47456328885027216
0.5248226589867447	0.47517734101325493
0.5242588929300209	0.4757411070699787
0.5232644470670231	0.4767355529329766
0.5244407525828404	0.47555924741715927
0.5246460318131031	0.4753539681868966
0.5242291830966942	0.47577081690330547
0.5243918929499867	0.47560810705001305
0.5252720930389814	0.47472790696101824
0.525729429814078	0.4742705701859217
0.5234482149509311	0.4765517850490686
0.5240898705487259	0.47591012945127376
0.5259765220932066	0.47402347790679306
0.5257730494954622	0.4742269505045375
0.5236334988690279	0.47636650113097173
0.5257483877374682	0.47425161226253143
0.5238705663846104	0.47612943361538934
0.524590886011123	0.47540911398887664
0.5253752611998289	0.4746247388001708
0.5236416846867257	0.47635831531327405
0.5254233696617284	0.47457663033827124
0.5247906757267641	0.4752093242732356
0.5258070958188863	0.47419290418111343
0.5235308118630967	0.4764691881369029
0.5256256967217114	0.4743743032782883
0.5255757780851151	0.4744242219148845
0.5246891890879981	0.47531081091200156
0.5234701055476951	0.4765298944523046
0.5245355600362441	0.4754644399637556
0.5242360393492926	0.47576396065070703
0.5258184655939419	0.4741815344060578
0.5233023040772934	0.4766976959227063
0.5256480016769493	0.47435199832305047
0.5249699852246675	0.4750300147753321
0.5253580587123367	0.47464194128766307
0.5249258643730569	0.47507413562694284
0.5256219046376086	0.47437809536239106
0.5260728914267503	0.47392710857324943
0.5256206066667917	0.474379393333208
0.524154424106067	0.47584557589393267
0.5234947058074502	0.47650529419254944
0.5235647241928041	0.4764352758071956
0.5252331306380283	0.4747668693619713
0.5254015515197364	0.4745984484802632
0.5248788595813859	0.47512114041861375
0.5238957391325769	0.4761042608674227
0.5231530035972202	0.47684699640277955
0.5236916666066758	0.4763083333933239
0.5251226576137048	0.47487734238629487
0.5245785068969206	0.475421493103079
0.5249301099660801	0.4750698900339196
0.523445652740983	0.4765543472590167
0.5236345301287306	0.476365469871269
0.5244562445075004	0.4755437554924993
0.5256090130307988	0.47439098696920096
0.5260441893416138	0.4739558106583859
0.5258025376413841	0.4741974623586156
0.523675157612615	0.47632484238738465
0.5258067484036354	0.47419325159636433
0.5242663659552489	0.47573363404475083
0.5255664321931197	0.47443356780687995
0.5243886474083291	0.4756113525916705
0.5241185397469758	0.4758814602530239
0.5253502634552607	0.47464973654473896
0.523873730204018	0.4761262697959817
0.5242030181136036	0.47579698188639613
0.5242376675667701	0.4757623324332296
0.5236051993069758	0.4763948006930238
0.5248638622796187	0.47513613772038105
0.5255806186959465	0.47441938130405314
0.5256626533192632	0.4743373466807364
0.5238611705282399	0.47613882947175984
0.523479087491154	0.4765209125088456
0.5241794299100544	0.47582057008994527
0.5232675623826613	0.4767324376173384
0.5255431051206646	0.4744568948793351
0.524145738193951	0.4758542618060486
0.525558936459966	0.47444106354003374
0.5235058441030613	0.47649415589693833
0.5234542982808061	0.4765457017191935
0.5257099904448633	0.47429000955513634
0.5244040512923855	0.4755959487076142
0.5244324185027538	0.47556758149724593
0.523946677359068	0.4760533226409317
0.524227356219192	0.47577264378080764
0.524286060800655	0.47571393919934474
0.5244177203366255	0.4755822796633742
0.5253625325510951	0.47463746744890456
0.5254900117624366	0.4745099882375631
0.5243074119221252	0.47569258807787457
0.5251479266208438	0.47485207337915597
0.5257613882307974	0.47423861176920223
0.5255474364988901	0.4744525635011095
0.5257402294705157	0.4742597705294839
0.5260029988926951	0.4739970011073046
0.5246601383430785	0.47533986165692127
0.5246695218937171	0.47533047810628265
0.5235613166597183	0.4764386833402814
0.5242897075865762	0.4757102924134234
0.5261165290799252	0.47388347092007443
0.5252043237463616	0.47479567625363805
0.5241861830780433	0.47581381692195635
0.5251092492413894	0.4748907507586103
0.5245853773854957	0.475414622614504
0.5253931869672573	0.4746068130327423
0.5256634710406071	0.4743365289593926
0.5238584162498755	0.47614158375012416
0.5249765562447336	0.4750234437552661
0.5259340800336081	0.47406591996639164
0.5232653044801707	0.47673469551982894
0.5246894861680833	0.47531051383191636
0.5233168699231364	0.4766831300768633
0.523663552981747	0.47633644701825256
0.5256021320638604	0.47439786793613925
0.525099398175625	0.4749006018243746
0.5250756583404869	0.47492434165951275
0.5239471632408311	0.47605283675916854
0.5246629673495107	0.475337032650489
0.526079446412357	0.4739205535876427
0.525353132263129	0.4746468677368707
0.5246281240016176	0.47537187599838204
0.5237298413668964	0.47627015863310324
0.5238910975466905	0.4761089024533092
0.5242710522000931	0.4757289477999066
0.5251053234417804	0.47489467655821926
0.5232909763068955	0.4767090236931042
0.5238991690278909	0.47610083097210876
0.5253603428261947	0.47463965717380496
0.5234636517308855	0.4765363482691142
0.5238247673207144	0.4761752326792853
0.5236149663504843	0.4763850336495153
0.5232077645627101	0.4767922354372895
