0.6592728905657523	0.34072710943424733
0.6641446412986287	0.33585535870137095
0.6571406188911411	0.3428593811088586
0.6615391613127599	0.33846083868723975
0.6585706203446343	0.34142937965536535
0.6530812030985775	0.34691879690142213
0.6616549229362236	0.33834507706377603
0.6536253327217016	0.346374667278298
0.6563562514376565	0.34364374856234314
0.6551417628241739	0.34485823717582575
0.6576848542479223	0.3423151457520773
0.6620176372117809	0.3379823627882188
0.6537220158212461	0.34627798417875355
0.6581631064896482	0.3418368935103515
0.6569409811939608	0.34305901880603884
0.6619120143541285	0.33808798564587117
0.6619269942879791	0.33807300571202054
0.6605810377259359	0.33941896227406376
0.6528219380750533	0.3471780619249463
0.6528269960201848	0.3471730039798149
0.6527486788578478	0.3472513211421519
0.6588691213774803	0.34113087862251934
0.6638767538724908	0.3361232461275089
0.6559963087783869	0.3440036912216128
0.6597675364164692	0.34023246358353043
0.6616138515762866	0.3383861484237131
0.6551479329675858	0.3448520670324139
0.6579778229559313	0.34202217704406834
0.6600289154394527	0.3399710845605469
0.6534502920929048	0.3465497079070949
0.6561150381295751	0.3438849618704246
0.6613475863551621	0.33865241364483756
0.6588412711331799	0.34115872886681975
0.6612863588584467	0.338713641141553
0.6624959796016022	0.33750402039839744
0.657339425944684	0.3426605740553157
0.6556008676502548	0.34439913234974484
0.6530632146862527	0.34693678531374694
0.657831306285012	0.3421686937149877
0.6624757957008534	0.3375242042991463
0.6615771193255897	0.33842288067440995
0.6610218582688409	0.3389781417311588
0.6579170733420716	0.34208292665792805
0.6630237143881883	0.3369762856118113
0.6542657723187644	0.3457342276812353
0.6616565646615341	0.33834343533846556
0.6533952226059554	0.3466047773940443
0.6633698388444234	0.33663016115557637
0.6535706708054445	0.3464293291945552
0.6565152336427301	0.34348476635726954
0.6573022407873743	0.34269775921262535
0.6586388441586031	0.34136115584139665
0.6606250796351989	0.3393749203648007
0.6598883787790739	0.34011162122092575
0.6638003457451509	0.3361996542548488
0.6621977613729171	0.3378022386270826
0.6587256338268848	0.3412743661731149
0.6569084485391485	0.34309155146085113
0.6618761782812572	0.33812382171874245
0.6631480044884954	0.33685199551150424
0.6561376032575515	0.3438623967424481
0.660694612281045	0.3393053877189547
0.661626528617917	0.3383734713820826
0.652468805636035	0.34753119436396457
0.653483600142204	0.3465163998577957
0.66196242943457	0.3380375705654297
0.658904812961899	0.3410951870381007
0.6566562046335673	0.3433437953664324
0.6610550060702682	0.3389449939297314
0.6612309250752142	0.3387690749247855
0.6521808610316923	0.3478191389683074
0.6538155649663857	0.3461844350336139
0.655099700092937	0.3449002999070626
0.6576998807328582	0.3423001192671415
0.6550173607251685	0.3449826392748312
0.6599035616576434	0.34009643834235626
0.6538359801292095	0.34616401987079015
0.6524611129087375	0.3475388870912621
0.6589722493751564	0.3410277506248432
0.6566066140478592	0.3433933859521404
0.6594405397795575	0.34055946022044215
0.6539950908401365	0.34600490915986315
0.6564778987354034	0.3435221012645963
0.6531370735409765	0.34686292645902317
0.6638744846509331	0.33612551534906654
0.6608546349881467	0.339145365011853
0.6536690480003706	0.3463309519996291
0.6632100459248979	0.3367899540751018
0.65446893741013	0.34553106258986965
0.6577835567201119	0.34221644327988776
0.6636465183286047	0.336353481671395
0.6539483757267605	0.3460516242732392
0.6592019117767549	0.34079808822324476
0.6548771089986771	0.34512289100132254
0.6523951589162853	0.34760484108371437
0.6528101467176433	0.3471898532823564
0.6560002228986881	0.34399977710131163
0.6603332292771456	0.3396667707228541
0.6602979714189243	0.3397020285810754
0.6543051620213813	0.34569483797861833
0.6595200964624368	0.3404799035375629
0.6525315490666344	0.3474684509333653
0.6548743404033124	0.3451256595966873
0.661435726630825	0.3385642733691747
0.6524388517787846	0.3475611482212151
0.6570821173349157	0.34291788266508394
0.6633554346894536	0.3366445653105461
0.654944643509097	0.3450553564909027
0.6571482540588931	0.34285174594110657
0.6564864799259631	0.34351352007403657
0.6613299384239363	0.3386700615760634
0.6606626185190816	0.33933738148091813
0.6630619548223944	0.33693804517760534
0.6602947706388964	0.33970522936110326
0.6535380645532416	0.3464619354467581
0.6533821007751617	0.346617899224838
0.6568438578555826	0.3431561421444171
0.6576094222231135	0.34239057777688614
0.6526575160973782	0.34734248390262146
0.6601687802979502	0.33983121970204944
0.6580692080457927	0.34193079195420695
0.657530835954845	0.3424691640451547
0.6542715279690504	0.34572847203094925
0.6593926123715992	0.3406073876284005
0.6642140055331478	0.3357859944668519
0.6601998052023752	0.33980019479762447
0.6542361008699661	0.3457638991300336
0.660563160775676	0.33943683922432366
0.6619746676417113	0.33802533235828836
0.6627184896295215	0.33728151037047815
0.661491836528369	0.3385081634716307
0.6620864224280679	0.33791357757193174
0.6641145359192056	0.3358854640807941
0.654229412518803	0.3457705874811967
0.6523560995324338	0.3476439004675659
0.6626210169786843	0.3373789830213154
0.6561398268793129	0.34386017312068673
0.6520952167038174	0.34790478329618224
0.6589312399586215	0.3410687600413782
0.6588091827612212	0.3411908172387785
0.6636002934996458	0.3363997065003539
0.6529533858697018	0.3470466141302979
0.6621412518235232	0.3378587481764765
0.6627668413767359	0.33723315862326375
0.6630177276707868	0.33698227232921285
0.6578784912874996	0.3421215087125
0.6603263322431852	0.3396736677568145
0.6563755949027068	0.34362440509729286
0.6569553683853353	0.3430446316146643
0.6607752370056016	0.3392247629943981
0.6632269810219432	0.33677301897805645
0.6550411819378937	0.34495881806210593
0.6601464549143972	0.3398535450856025
0.6591818676860624	0.3408181323139373
0.6544707570291789	0.34552924297082077
0.6528916026239617	0.34710839737603794
0.6566147989622668	0.34338520103773285
0.6618605109883294	0.33813948901167024
0.661482440460853	0.3385175595391466
0.6580408857408555	0.3419591142591441
0.6570818025421297	0.34291819745786994
0.6593551582990445	0.3406448417009552
0.6546043646489708	0.3453956353510289
0.6640814310482646	0.3359185689517351
0.6567957162525826	0.3432042837474171
0.6631428575646531	0.3368571424353466
0.6573981531563748	0.3426018468436248
0.663329712326892	0.3366702876731077
0.6589538189406987	0.3410461810593009
0.6521093605430852	0.3478906394569145
0.6643486000791035	0.3356513999208962
0.6629997353215346	0.3370002646784651
0.6530179238116791	0.3469820761883206
0.6606789055266369	0.3393210944733628
0.6590303001033274	0.34096969989667225
0.66187041635776	0.3381295836422396
0.6630562536918142	0.33694374630818547
0.6617086337284392	0.3382913662715604
0.6607070180835679	0.3392929819164317
0.6617930323177101	0.33820696768228947
0.655079559794155	0.34492044020584467
0.6570278593195731	0.3429721406804266
0.6618144894615619	0.3381855105384379
0.6548698444147343	0.3451301555852654
0.6638755658604283	0.33612443413957144
0.6576449957336286	0.34235500426637105
0.6602860558640308	0.3397139441359689
0.6537118572463725	0.34628814275362724
0.6579490184663203	0.3420509815336794
0.6532352054830547	0.346764794516945
0.6599472193663394	0.3400527806336603
0.6609767794693395	0.33902322053066014
0.6604475160346205	0.3395524839653792
0.6611100665456712	0.3388899334543285
0.6572866553025838	0.34271334469741593
0.6641062213154749	0.33589377868452475
0.6549157343975222	0.3450842656024775
0.6551083190609233	0.3448916809390764
0.6522880169738111	0.34771198302618855
0.6601800353766747	0.3398199646233249
0.6558710458933448	0.3441289541066549
0.6560585747348215	0.3439414252651781
0.6626532656160016	0.33734673438399815
0.6592299954603533	0.3407700045396463
0.6548494867873599	0.3451505132126398
0.6595089068172613	0.34049109318273835
0.65586760405409	0.3441323959459097
0.6630842488034915	0.3369157511965082
0.660477527963677	0.33952247203632263
0.6576767746262551	0.3423232253737446
0.6593412225639917	0.3406587774360079
0.6615125961539581	0.33848740384604165
0.6583009881833952	0.34169901181660445
0.6554732699520456	0.3445267300479541
0.6614741156345474	0.3385258843654523
0.6544921679854672	0.3455078320145325
0.6594504778578182	0.3405495221421815
0.6579558775026377	0.342044122497362
0.659900486630612	0.3400995133693877
0.6536682799740193	0.34633172002598034
0.652789273284213	0.3472107267157867
0.6626030741622739	0.3373969258377258
0.6607413729594164	0.3392586270405833
0.6537953862973138	0.3462046137026859
0.6583872222392195	0.34161277776078014
0.6604393320591115	0.3395606679408881
0.6566923182447978	0.3433076817552019
0.6603121332594534	0.3396878667405463
0.6547966878562231	0.34520331214377653
0.6585987308775061	0.3414012691224935
0.6602037176594252	0.33979628234057446
0.6600413836839151	0.3399586163160846
0.6631543428096713	0.3368456571903284
0.65568774453752	0.3443122554624796
0.6606143486542184	0.3393856513457813
0.6583400568536849	0.34165994314631476
0.6631557740113917	0.33684422598860797
0.6606065815154877	0.339393418484512
0.6624133916090782	0.3375866083909215
0.6560723214092767	0.34392767859072293
0.6573183134026366	0.3426816865973631
0.6575531890019426	0.34244681099805707
0.6640861170259921	0.3359138829740076
0.6600863816970426	0.33991361830295713
0.6545594673950682	0.34544053260493146
0.6625632178983163	0.3374367821016834
0.6589398032652667	0.34106019673473303
0.6568455715399066	0.34315442846009303
0.6626945297499974	0.33730547025000224
0.658728925769002	0.3412710742309977
0.6580523585658886	0.34194764143411105
0.6570260544396733	0.34297394556032634
0.6614792079437706	0.3385207920562291
0.6590454521341078	0.3409545478658919
0.6521901682207277	0.34780983177927194
0.6617463871550567	0.33825361284494293
0.6627426065948951	0.3372573934051046
0.6609077870185361	0.3390922129814635
0.6534712008712407	0.346528799128759
0.6574189468794689	0.3425810531205308
0.6558207534539924	0.3441792465460073
0.6632935642124091	0.3367064357875905
0.6523840854655245	0.3476159145344752
0.6520565963440175	0.3479434036559822
0.6625614049352845	0.3374385950647152
0.6561559605118147	0.343844039488185
0.6551695190880316	0.3448304809119681
0.659599253430896	0.3404007465691037
0.6632807814868069	0.33671921851319275
0.656906637564294	0.34309336243570565
0.660631926290558	0.33936807370944166
0.6613926097064597	0.3386073902935399
0.6627114226899069	0.33728857731009276
0.658853621665307	0.34114637833469263
0.6547635959406235	0.34523640405937617
0.6563016635997954	0.3436983364002043
0.6626175637582103	0.3373824362417893
0.6557713034909298	0.3442286965090698
0.6557765938893138	0.3442234061106859
0.6595800756282242	0.3404199243717755
0.6552163137624466	0.34478368623755307
0.6568018493967009	0.34319815060329867
0.6625304349657767	0.337469565034223
0.6620960654596231	0.33790393454037665
0.6605231910200798	0.33947680897991983
0.6524708877838573	0.34752911221614236
0.6540605418750453	0.3459394581249544
0.6553194135330094	0.3446805864669903
0.6579316391587429	0.34206836084125686
0.6610426570327861	0.3389573429672135
0.6629305074107347	0.337069492589265
0.6570490310540784	0.34295096894592125
0.654623293170411	0.34537670682958865
0.6539883292393428	0.34601167076065686
0.6636562009754341	0.33634379902456557
0.6538000295650221	0.34619997043497747
0.6603947151201499	0.3396052848798497
0.6593988589220364	0.34060114107796324
0.6551603001189841	0.3448396998810156
0.6567061940005411	0.3432938059994586
0.6540966093797205	0.3459033906202792
0.6581514325647445	0.34184856743525516
0.652847584820461	0.34715241517953865
0.6636341033447513	0.3363658966552484
0.6561603480239077	0.343839651976092
0.6608948893985578	0.33910511060144183
0.662886707847336	0.3371132921526636
0.6552176994055205	0.3447823005944791
0.6534562570606395	0.34654374293936013
0.6628649483320926	0.337135051667907
0.6641523650398371	0.3358476349601625
0.6537720244115455	0.3462279755884542
0.6568289223766715	0.3431710776233282
0.662359336244545	0.33764066375545465
0.6630912375182317	0.33690876248176793
0.6559207053546889	0.34407929464531073
0.6572038795463688	0.3427961204536309
0.6591440410082899	0.34085595899170973
0.6565922802994327	0.34340771970056694
0.6579920922056853	0.34200790779431434
0.658424435742597	0.3415755642574027
0.6612748005025315	0.3387251994974681
0.6590384883665882	0.3409615116334115
0.6522554597036869	0.34774454029631274
0.659531195462277	0.34046880453772266
0.6584873071698893	0.3415126928301104
0.6602197474700839	0.3397802525299158
0.6628189834687012	0.3371810165312985
0.6619988379755868	0.3380011620244129
0.663804224551877	0.3361957754481226
0.6582750737537613	0.34172492624623835
0.6545888000574174	0.34541119994258224
0.6562619193109964	0.3437380806890033
0.6558168451999125	0.3441831548000872
0.6602254640150367	0.33977453598496293
0.6574398334694598	0.3425601665305399
0.6540477286929447	0.34595227130705497
0.659013425677301	0.34098657432269863
0.6586321052181532	0.3413678947818464
0.6588567502326567	0.341143249767343
0.6538245357510675	0.3461754642489322
0.6613897291690202	0.3386102708309795
0.6602783462154498	0.3397216537845499
0.6622524261207394	0.33774757387926024
0.6531802323206526	0.3468197676793471
0.6525870517398498	0.34741294826014996
0.6529603638617836	0.34703963613821615
0.658792912234204	0.34120708776579567
0.6638306424490545	0.3361693575509451
0.6640494486518146	0.3359505513481851
0.6530061665538249	0.34699383344617474
0.6619290103939	0.3380709896060997
0.6638832494214375	0.33611675057856216
0.6643359698139123	0.33566403018608737
0.6639139956162998	0.3360860043836999
0.6636513011271364	0.3363486988728632
0.6550493282711214	0.3449506717288783
0.6636498855822552	0.33635011441774443
0.6538138087340504	0.34618619126594924
0.6558724215294587	0.344127578470541
0.6540512818301106	0.34594871816988904
0.6619433215073635	0.3380566784926362
0.6520582120712798	0.3479417879287199
0.6524138032499619	0.34758619675003777
0.6578014579538669	0.3421985420461328
0.6639448123193467	0.336055187680653
0.6627925704985178	0.3372074295014818
0.6543133382740353	0.3456866617259644
0.6598870237058727	0.34011297629412696
0.6619052641578983	0.33809473584210137
0.65469143400795	0.3453085659920496
0.658461159142887	0.34153884085711256
0.6557054971369471	0.3442945028630525
0.6604565500313796	0.33954344996862007
0.6547971446404144	0.3452028553595853
0.6543330145882535	0.3456669854117462
0.6570547286662334	0.3429452713337663
0.6568407368956541	0.3431592631043456
0.6576455884375539	0.3423544115624457
0.6544162655041252	0.34558373449587443
0.6589666587632736	0.341033341236726
0.6560517380390537	0.34394826196094597
0.6605425937773278	0.33945740622267184
0.6600732643772581	0.33992673562274156
0.6603160390674476	0.3396839609325521
0.658237431713083	0.34176256828691665
0.6636525168502159	0.3363474831497838
0.6567909292617942	0.3432090707382055
0.6638488622190599	0.3361511377809397
0.6571977679485874	0.34280223205141225
0.6524676645077138	0.3475323354922859
0.6629911040652998	0.33700889593469985
0.657987801192352	0.34201219880764766
0.6546131892299758	0.3453868107700238
0.6628521935710495	0.33714780642895015
0.6619829246449092	0.33801707535509046
0.6643554983519488	0.3356445016480508
0.6591459790221607	0.340854020977839
0.6544665106651731	0.3455334893348265
0.6617038405254849	0.3382961594745147
0.6586305678614842	0.34136943213851545
0.6640234510933682	0.3359765489066314
0.6562702001965426	0.3437297998034571
0.6605012995235947	0.33949870047640496
0.6552661287570404	0.3447338712429593
0.6571799012755394	0.3428200987244603
0.6569165667841145	0.3430834332158852
0.6540158198854715	0.3459841801145282
0.6620744269246	0.3379255730753997
0.6525233234747295	0.34747667652527015
0.6632921709292665	0.3367078290707331
0.6633132521545115	0.33668674784548813
0.6617279373195345	0.33827206268046517
0.652538352723679	0.3474616472763207
0.6576226919336167	0.342377308066383
0.6626362990175297	0.3373637009824699
0.6627580646300584	0.33724193536994135
0.6634033014669478	0.33659669853305185
0.6638492029568207	0.33615079704317896
0.6611002953250378	0.33889970467496183
0.6552349646827442	0.34476503531725544
0.6556454708164912	0.34435452918350856
0.6596897353193126	0.34031026468068704
0.657132738056186	0.3428672619438136
0.6599412196305618	0.3400587803694378
0.653066347106516	0.34693365289348366
0.6606955467965187	0.339304453203481
0.6552627236068596	0.34473727639314006
0.6640367055842202	0.33596329441577943
0.6628159602147836	0.33718403978521605
0.663566833435645	0.3364331665643546
0.6570368009599569	0.3429631990400428
0.6551101963172863	0.3448898036827134
0.6603396945893254	0.33966030541067427
0.6611071710296519	0.33889282897034784
0.660970281705622	0.3390297182943776
0.6642532093640277	0.335746790635972
0.6642125883865962	0.3357874116134034
0.6618627077720206	0.33813729222797906
0.6618614479765147	0.338138552023485
0.6622410822327827	0.33775891776721695
0.6613474374263776	0.3386525625736221
0.6643503346698911	0.33564966533010854
0.6529102671257555	0.34708973287424416
0.6575130260032453	0.3424869739967543
0.6548587713039803	0.3451412286960194
0.6568986280374133	0.3431013719625864
0.659021074760815	0.34097892523918477
0.6523523278964013	0.34764767210359837
0.6580907270076104	0.34190927299238927
0.6611381140627566	0.3388618859372431
0.6610906969945528	0.33890930300544686
0.6642832276995981	0.33571677230040153
0.6632198597266125	0.3367801402733872
0.6594455783136369	0.34055442168636274
0.6591819772867556	0.340818022713244
0.6551495786816167	0.34485042131838295
0.6545280766002342	0.3454719233997655
0.6589317885038428	0.34106821149615685
0.6579695848383978	0.3420304151616018
0.6555792347874246	0.34442076521257503
0.6606653670018303	0.33933463299816935
0.6611875369412729	0.3388124630587268
0.6579076723926778	0.3420923276073219
0.6537432286353491	0.34625677136465066
0.6613893121459554	0.33861068785404425
0.6625527694203307	0.33744723057966897
0.6582181958115761	0.3417818041884235
0.6620665948928521	0.3379334051071475
0.6566445328656673	0.3433554671343324
0.6553838857006653	0.3446161142993344
0.655866712007876	0.34413328799212367
0.6543351009986428	0.3456648990013569
0.6600456943242015	0.33995430567579815
0.6612515063103818	0.3387484936896179
0.6639341347849377	0.336065865215062
0.6592459919361418	0.34075400806385797
0.6556756024051542	0.34432439759484545
0.6559502856511945	0.34404971434880516
0.6555175511534242	0.3444824488465754
0.6526579155843573	0.3473420844156424
0.6583011041370043	0.3416988958629954
0.6628626254815875	0.3371373745184122
0.6573656385786172	0.3426343614213825
0.6595218224863209	0.34047817751367887
0.6568308762399919	0.3431691237600078
0.6551524330141365	0.3448475669858632
0.653167273253249	0.3468327267467507
0.6613241552410406	0.33867584475895907
0.6619673368730808	0.3380326631269188
0.6602731618390656	0.3397268381609341
0.6571955306466531	0.3428044693533465
0.6587436749540116	0.34125632504598796
0.6533209956375831	0.3466790043624166
0.6545683997812048	0.3454316002187948
0.6643425577054325	0.3356574422945672
0.6565604565173215	0.34343954348267813
0.6526441945488293	0.3473558054511704
0.6634479065758216	0.336552093424178
0.660985231784598	0.33901476821540166
0.658771265113751	0.3412287348862487
0.6524758761596997	0.34752412384029996
0.652626295441995	0.34737370455800465
0.6630340116777829	0.33696598832221686
0.655926435730947	0.34407356426905267
0.6521624081250799	0.34783759187491975
0.6631077563654286	0.3368922436345711
0.6607765508415109	0.3392234491584888
0.6641658541807818	0.33583414581921794
0.6551022422407383	0.34489775775926135
0.6611351567351202	0.33886484326487937
0.6598752283988961	0.34012477160110355
0.6560000869917224	0.34399991300827726
0.6594122029277149	0.3405877970722848
0.6578455658889979	0.34215443411100177
0.6566643437201604	0.3433356562798393
0.6618903485203926	0.33810965147960703
0.6568802964658796	0.34311970353412
0.6639919954387031	0.33600800456129654
0.656390657250358	0.3436093427496417
0.658288757552151	0.34171124244784873
0.656876653578215	0.34312334642178466
0.656560296211981	0.34343970378801864
0.6633982659502402	0.33660173404975946
0.6623916557504472	0.33760834424955244
0.6624796154863288	0.33752038451367083
0.6585895235597952	0.3414104764402045
0.6560599746834912	0.34394002531650847
0.6598127683651023	0.34018723163489745
0.659895995136926	0.3401040048630737
0.661276605669531	0.3387233943304687
0.6623811118561023	0.3376188881438974
0.6595498539593314	0.34045014604066826
0.654797813834279	0.3452021861657206
0.6584632914737789	0.34153670852622076
0.656950713489467	0.3430492865105326
0.6575204017881077	0.342479598211892
0.6531847649177778	0.3468152350822219
0.6531870325360354	0.3468129674639643
0.6587916947921898	0.34120830520780987
0.6549382726465284	0.3450617273534713
0.6608826053408811	0.3391173946591186
0.6600960625248468	0.3399039374751529
0.6566323413134113	0.34336765868658836
0.6587595448690653	0.3412404551309343
0.6556937762283297	0.34430622377167
0.6555529818316208	0.34444701816837886
0.6564205981188385	0.34357940188116126
0.6630238604628571	0.3369761395371425
0.6598053436020896	0.34019465639790997
0.660160543377338	0.3398394566226617
0.6566559704605405	0.3433440295394592
0.6632122527472354	0.3367877472527643
0.654963966681799	0.34503603331820065
0.6554870577473264	0.3445129422526733
0.657301631344343	0.3426983686556566
0.6545254538842642	0.34547454611573547
0.6614519825271825	0.3385480174728171
0.6524245925752781	0.3475754074247216
0.6595606095685647	0.34043939043143506
0.6580465421128652	0.3419534578871345
0.6604623785275053	0.33953762147249433
0.6545432175879474	0.34545678241205224
0.6624960599177576	0.337503940082242
0.6551378851064292	0.34486211489357044
0.6603020956892702	0.3396979043107295
0.6583547280909647	0.341645271909035
0.655718279095691	0.34428172090430864
0.6608449235576029	0.33915507644239673
0.6557072842367815	0.3442927157632182
0.6583994878900781	0.34160051210992165
0.6634431384263237	0.33655686157367587
0.6602586858746211	0.33974131412537856
0.6528196524703843	0.34718034752961535
0.6634622371975869	0.3365377628024128
0.652689371927788	0.3473106280722117
0.6622792368329518	0.3377207631670479
0.6603324812964194	0.33966751870358025
0.6573502432330205	0.34264975676697923
0.6538601569120078	0.34613984308799184
0.6521464719461039	0.3478535280538958
0.6638873722509255	0.33611262774907413
0.6619218693005332	0.33807813069946646
0.6624776559148606	0.337522344085139
0.6597479818024499	0.3402520181975498
0.6593838319732717	0.340616168026728
0.6578979823230664	0.3421020176769332
0.6565923542187413	0.3434076457812584
0.6609683229554855	0.33903167704451426
0.6524233472788395	0.3475766527211601
0.6583512464387564	0.34164875356124325
0.6557073256497256	0.3442926743502741
0.6542124303647312	0.34578756963526847
0.6606618735029346	0.3393381264970651
0.6611424584859641	0.3388575415140356
0.6638218599841132	0.3361781400158864
0.652311412811351	0.3476885871886487
0.6636235242112509	0.33637647578874874
0.6615849094946172	0.33841509050538243
0.664323942371677	0.33567605762832264
0.6539979164489053	0.3460020835510944
0.6628866811146668	0.3371133188853329
0.6549652533039523	0.3450347466960474
0.6526215350104736	0.3473784649895261
0.653470124655962	0.3465298753440376
0.6592191266803096	0.34078087331969015
0.6590226156517537	0.340977384348246
0.6547203049007658	0.34527969509923384
0.6563200624257975	0.3436799375742021
0.6543935355699506	0.345606464430049
0.6623707051642639	0.3376292948357358
0.6627101786844803	0.3372898213155193
0.6578020911989306	0.342197908801069
0.6623503573856695	0.33764964261433017
0.6555834993384807	0.34441650066151897
0.6601134200128697	0.33988657998713
0.6626552062689758	0.3373447937310239
0.6638579650229112	0.3361420349770885
0.6547357555593076	0.3452642444406921
0.6634366894175475	0.33656331058245215
0.6571404373229653	0.3428595626770343
0.6625781972837854	0.33742180271621425
0.6619022730526961	0.33809772694730356
0.6553236225978549	0.3446763774021448
0.6635749034088214	0.33642509659117825
0.6576298584496385	0.34237014155036116
0.6546821902783238	0.345317809721676
0.658894080858948	0.3411059191410517
0.6635390875425976	0.33646091245740206
0.6551049657838098	0.34489503421618983
0.655201877898212	0.3447981221017876
0.6555122569470161	0.3444877430529836
0.6605888692939641	0.33941113070603557
0.6559365610555805	0.34406343894441915
0.6561294225285311	0.34387057747146854
0.6606276090855818	0.33937239091441784
0.6584539778466376	0.3415460221533621
0.6597914486473542	0.34020855135264544
0.6628748064894898	0.3371251935105098
0.6568293302355313	0.3431706697644685
0.6549457951435891	0.34505420485641064
0.6534178887145088	0.3465821112854909
0.6559545421300629	0.3440454578699368
0.6571939068959585	0.3428060931040412
0.6621125992624619	0.3378874007375377
0.6547522914380446	0.3452477085619551
0.6625719205674417	0.3374280794325579
0.6619194861415719	0.33808051385842774
0.6578140367523687	0.34218596324763095
0.6562798623679248	0.3437201376320749
0.6579770782252823	0.3420229217747174
0.6599702696774284	0.3400297303225712
0.6595464261362868	0.3404535738637129
0.6527969725794935	0.34720302742050607
0.6573750714935522	0.3426249285064475
0.6549599152631195	0.3450400847368802
0.6594959680687515	0.3405040319312481
0.6560298494597786	0.34397015054022106
0.6626857143199785	0.33731428568002125
0.6547552623877323	0.34524473761226737
0.6614520557680446	0.3385479442319551
0.6641628828293059	0.33583711717069376
0.6623188096373123	0.33768119036268734
0.657251931839101	0.3427480681608987
0.6619322993099366	0.3380677006900631
0.6532213647772237	0.34677863522277597
0.6529563458521441	0.34704365414785554
0.6539069122162919	0.34609308778370773
0.6603811474444754	0.3396188525555243
0.6626738088405548	0.33732619115944484
0.6602707445783345	0.3397292554216652
0.6580677129214991	0.34193228707850054
0.6569219984886265	0.3430780015113731
0.6577122679056127	0.34228773209438706
0.6598082177219365	0.3401917822780631
0.6602345300175727	0.339765469982427
0.6572271005087454	0.3427728994912542
0.6619703649601909	0.33802963503980876
0.6566540457301282	0.34334595426987147
0.6555399889749094	0.3444600110250902
0.6593877824960122	0.3406122175039875
0.6627350732987932	0.33726492670120645
0.6620108744253501	0.33798912557464955
0.658582427953216	0.3414175720467837
0.652212701583706	0.34778729841629363
0.6547932426891522	0.3452067573108475
0.6523037832039623	0.34769621679603735
0.6579520776742708	0.3420479223257289
0.6595894801221337	0.34041051987786597
0.6639645156166781	0.33603548438332154
0.6603850423029077	0.33961495769709193
0.6559535657430433	0.34404643425695636
0.6623951393655018	0.3376048606344979
0.6595787098899908	0.34042129011000893
0.6555878628430498	0.34441213715694985
0.6569477552294046	0.34305224477059504
0.6560572831822877	0.34394271681771194
0.6639227142320259	0.3360772857679738
0.6527274846210376	0.34727251537896203
0.6547994826806889	0.3452005173193108
0.6628865714377616	0.3371134285622381
0.6558909404169446	0.344109059583055
0.6535275769245835	0.34647242307541615
0.6623301003863082	0.3376698996136915
0.6582981253943998	0.34170187460559986
0.6545100503552683	0.3454899496447314
0.6527722011361282	0.34722779886387145
0.6642697871912417	0.3357302128087579
0.6593731736991637	0.34062682630083596
0.6591289459417258	0.3408710540582739
0.6624007423111234	0.3375992576888762
0.657179488588446	0.3428205114115537
0.6562549845815366	0.34374501541846303
0.6618246063154365	0.3381753936845632
0.6563272749247426	0.34367272507525704
0.6626770911857571	0.33732290881424254
0.6562407499466463	0.3437592500533534
0.6570573047116902	0.34294269528830945
0.6555081787219262	0.34449182127807343
0.6543938945438048	0.3456061054561948
0.6641143049375251	0.33588569506247457
0.6618930334655969	0.33810696653440275
0.6544493125288727	0.34555068747112694
0.6552684836335618	0.3447315163664378
0.6603979074211694	0.3396020925788302
0.6525072441599046	0.3474927558400951
0.6632281514882035	0.33677184851179615
0.6630474006319097	0.33695259936808997
0.6563872556956462	0.3436127443043535
0.6629166532441573	0.3370833467558424
0.6574874124302225	0.3425125875697772
0.6618370597392677	0.338162940260732
0.6592054446555793	0.3407945553444204
0.6577311460167127	0.342268853983287
0.6574427492494301	0.34255725075056953
0.6638519785856769	0.3361480214143228
0.6636100273775373	0.3363899726224624
0.6633532677570457	0.33664673224295394
0.6541295926320037	0.345870407367996
0.6604686818478359	0.33953131815216375
0.6590114294571828	0.34098857054281684
0.656692453213572	0.3433075467864277
0.6576981882401691	0.3423018117598305
0.6573315153027706	0.3426684846972291
0.6627243030594769	0.3372756969405228
0.654629356112352	0.34537064388764777
0.6627731611872545	0.33722683881274523
0.6549927900657253	0.34500720993427436
0.653821997427392	0.34617800257260767
0.654773721684051	0.3452262783159487
0.6616944490250241	0.33830555097497556
0.6605433140961873	0.3394566859038124
0.662316262352662	0.3376837376473376
0.6620578918195799	0.33794210818041986
0.6523877566123463	0.3476122433876534
0.6630533779412863	0.3369466220587134
0.6607955763488611	0.33920442365113856
0.6608857839904572	0.3391142160095425
0.6570211055154489	0.3429788944845508
0.6577304082111584	0.3422695917888413
0.6560190070007561	0.3439809929992436
0.6571813915530558	0.34281860844694384
0.6571254758633507	0.342874524136649
0.6551052163063176	0.3448947836936821
0.6600847830231275	0.3399152169768722
0.6533002324852468	0.34669976751475284
0.6618609603599409	0.33813903964005876
0.6585100733531917	0.34148992664680794
0.6639189819330567	0.33608101806694307
0.6603434536000349	0.3396565463999648
0.6530644970739202	0.34693550292607944
0.6522374172893912	0.34776258271060845
0.660386734733776	0.33961326526622365
0.6575631347857116	0.34243686521428807
0.6552077214448389	0.34479227855516076
0.6530813195079048	0.34691868049209484
0.6584230881273255	0.34157691187267414
0.6580762772455042	0.3419237227544955
0.6616569985945484	0.3383430014054513
0.6544055567610785	0.34559444323892125
0.6590354388204467	0.3409645611795529
0.6586815774736413	0.34131842252635836
0.6601387309777174	0.3398612690222823
0.6594967110192601	0.34050328898073956
0.6615563533351083	0.33844364666489135
0.6606920526325109	0.3393079473674888
0.6596412969521002	0.34035870304789956
0.660934491164613	0.33906550883538666
0.6640135774795259	0.33598642252047367
0.6606469287218784	0.33935307127812137
0.6536388019915831	0.3463611980084166
0.6557968167641819	0.34420318323581783
0.6612240562233012	0.3387759437766985
0.6567697157655332	0.34323028423446644
0.6604060399896401	0.3395939600103595
0.6610729792849963	0.33892702071500336
0.6533265910033252	0.34667340899667437
0.661397637767663	0.33860236223233664
0.6578702040696067	0.342129795930393
0.6641735895644603	0.3358264104355394
0.6573719978956698	0.34262800210432987
0.6552086306356201	0.3447913693643796
0.6583275891772258	0.3416724108227739
0.655959188946373	0.34404081105362666
0.6570690762643362	0.3429309237356635
0.6613951915592842	0.3386048084407155
0.6632432724321456	0.336756727567854
0.6562348009660587	0.343765199033941
0.6601342465494018	0.33986575345059783
0.6615888842197695	0.33841111578023025
0.6574734375756535	0.3425265624243462
0.6593155459907296	0.34068445400927
0.6527375196975393	0.3472624803024604
0.6537833729632379	0.3462166270367618
0.6572695190865856	0.34273048091341407
0.6567186470277535	0.3432813529722461
0.6627278449280977	0.337272155071902
0.6643396497076118	0.33566035029238783
0.6559694371117194	0.34403056288828027
0.6592941096772976	0.34070589032270204
0.6600093179308446	0.33999068206915506
0.6525476458897524	0.3474523541102472
0.6577740506183378	0.3422259493816619
0.6608478583715717	0.339152141628428
0.6536604820425757	0.346339517957424
0.6522271253881435	0.3477728746118561
0.6546665937013466	0.34533340629865306
0.6534046168296203	0.3465953831703794
0.6571469496155009	0.34285305038449876
0.6520479069148535	0.34795209308514624
0.6569334158761082	0.3430665841238915
0.658152723942431	0.34184727605756865
0.6573886928051421	0.34261130719485755
0.654833236119837	0.3451667638801626
0.6595252113902452	0.34047478860975444
0.6609302189125223	0.33906978108747726
0.6622635507801804	0.3377364492198192
0.6624688735400712	0.3375311264599284
0.65823626999333	0.3417637300066697
0.6533316686184942	0.34666833138150543
0.6612420853486343	0.33875791465136534
0.656956708575655	0.34304329142434464
0.663694896404462	0.3363051035955377
0.6592668794417086	0.3407331205582911
0.6614944190042634	0.33850558099573624
0.6596533981977377	0.34034660180226195
0.6614183694208569	0.3385816305791428
0.6522074742133522	0.34779252578664743
0.657362316186623	0.34263768381337667
0.6530284653774454	0.3469715346225542
0.6621187424695059	0.3378812575304938
0.6545469902467622	0.3454530097532375
0.6545821950959289	0.3454178049040708
0.6536861299852763	0.34631387001472336
0.6552390968612531	0.34476090313874647
0.6562190710866568	0.3437809289133429
0.6603047984769138	0.33969520152308585
0.6615194282183101	0.33848057178168955
0.6616078932237666	0.3383921067762331
0.6572048044942107	0.342795195505789
0.6627096088530264	0.3372903911469733
0.6619721671528701	0.33802783284712956
0.6550174471882619	0.3449825528117378
0.6587903688996086	0.34120963110039104
0.6547226001096446	0.3452773998903551
0.6632985210707992	0.33670147892920044
0.6642395446133148	0.33576045538668486
0.6607991539394554	0.33920084606054424
0.6557933987451658	0.3442066012548338
0.6552270056720011	0.34477299432799857
0.663021067407205	0.3369789325927947
0.6559365644856165	0.3440634355143832
0.6585342297121125	0.34146577028788716
0.6642833747703787	0.33571662522962104
0.6580172428869365	0.34198275711306314
0.6575749239470159	0.3424250760529838
0.6535326258539895	0.34646737414601014
0.6615323891713919	0.33846761082860777
0.6532180711995141	0.34678192880048553
0.6593075670643946	0.34069243293560497
0.6613323467113258	0.3386676532886739
0.6605770178395367	0.339422982160463
0.6584679963799467	0.341532003620053
0.6543432281968946	0.34565677180310506
0.6589736292726704	0.3410263707273293
0.6602042118009959	0.33979578819900375
0.6640626092599845	0.33593739074001516
0.660621131185482	0.3393788688145176
0.6543453708166479	0.34565462918335177
0.6548420607480444	0.34515793925195526
0.6536598600586723	0.34634013994132745
0.6531773683339689	0.3468226316660308
0.6600094076581976	0.33999059234180207
0.6601106807352721	0.3398893192647276
0.6616205194718471	0.3383794805281526
0.6564196990766751	0.34358030092332453
0.6627301623828308	0.33726983761716894
0.6625506204494145	0.33744937955058524
0.6603357792373038	0.33966422076269587
0.6546353829570966	0.34536461704290317
0.6601628436314658	0.33983715636853384
0.6636899667409605	0.3363100332590392
0.662457604264865	0.33754239573513467
0.6529720084344293	0.3470279915655704
0.6537247413697809	0.3462752586302188
0.6614854412805036	0.33851455871949615
0.6572345041704023	0.34276549582959737
0.6607714094507315	0.3392285905492682
0.659775819598742	0.3402241804012577
0.6591342512491778	0.3408657487508219
0.6546819850986487	0.34531801490135094
0.6530998030043145	0.34690019699568514
0.6560287725910648	0.3439712274089348
0.6547341100191947	0.345265889980805
0.6521864244631633	0.34781357553683634
0.653887734090908	0.3461122659090917
0.6620829876275297	0.33791701237246996
0.6529259814467736	0.3470740185532261
0.6593676208514202	0.34063237914857947
0.6601190510998144	0.3398809489001853
0.6637712396044899	0.3362287603955098
0.6620987499610391	0.33790125003896054
0.6640369031099113	0.3359630968900884
0.6611581703248882	0.33884182967511145
0.6627384864338484	0.33726151356615136
0.6552331835677371	0.3447668164322626
0.6560784873674594	0.34392151263254017
0.6586146784851704	0.34138532151482925
0.661142074670651	0.33885792532934866
0.6614117882499333	0.33858821175006637
0.6624865550408117	0.33751344495918795
0.6541145525887972	0.3458854474112025
0.6599887234942083	0.3400112765057913
0.656165546357768	0.3438344536422316
0.6539681278432492	0.34603187215675046
0.6597549296264047	0.34024507037359497
0.6536148466193172	0.34638515338068243
0.6619979564569622	0.3380020435430374
0.6556849709877128	0.3443150290122869
0.6589288802597046	0.34107111974029497
0.6629794279067951	0.3370205720932046
0.6567848653340502	0.3432151346659494
0.6560468743009542	0.34395312569904546
0.6630334918503442	0.33696650814965545
0.657870896683934	0.3421291033160657
0.6524611774384814	0.34753882256151825
0.65713117141835	0.3428688285816497
0.6531472273756187	0.346852772624381
0.6605253569998464	0.3394746430001533
0.6617679918510336	0.33823200814896603
0.6627924575642646	0.33720754243573503
0.6609056351292056	0.33909436487079403
0.6578246768456353	0.34217532315436444
0.6530602458553103	0.3469397541446893
0.6622289328382394	0.3377710671617603
0.6558656508562892	0.3441343491437105
0.6596299576874808	0.3403700423125189
0.6549305555135296	0.34506944448647
0.6569485424318583	0.34305145756814137
0.6583443097130034	0.34165569028699627
0.6562883357439133	0.3437116642560863
0.6533554513618968	0.3466445486381029
0.6575910598579442	0.34240894014205553
0.6592401058423412	0.34075989415765845
0.6564362271088044	0.3435637728911953
0.6606830763307392	0.3393169236692605
0.6547779068704953	0.34522209312950436
0.6537913369756663	0.3462086630243334
0.6570559728206136	0.34294402717938605
0.652173863040751	0.3478261369592487
0.6555602835669663	0.3444397164330334
0.6523230070888033	0.3476769929111963
0.6531498650698362	0.3468501349301635
0.6537250717980876	0.3462749282019121
0.6532158443290088	0.34678415567099086
0.6523159629336933	0.34768403706630635
0.6624180357680302	0.3375819642319695
0.6608789830012931	0.33912101699870656
0.6553641138046609	0.3446358861953388
0.6552315644502518	0.3447684355497479
0.6569807759684518	0.34301922403154783
0.6526748058427886	0.3473251941572111
0.6538814635140174	0.34611853648598223
0.6550424644877241	0.3449575355122756
0.6642862916117593	0.33571370838824033
0.6523337779926007	0.34766622200739894
0.6629853999197188	0.3370146000802809
0.6573044388108975	0.34269556118910216
0.6595778890096393	0.34042211099036035
0.652487710715156	0.3475122892848437
0.6626568787213413	0.3373431212786584
0.6572287103664344	0.3427712896335653
0.6625685551674128	0.33743144483258697
0.6534190560376822	0.3465809439623174
0.6632030430967935	0.3367969569032062
0.6534156991915335	0.34658430080846614
0.6540804964025908	0.34591950359740886
0.659769218121965	0.3402307818780346
0.6564756015598865	0.3435243984401131
0.6530407308900265	0.3469592691099732
