0.19612320454613597	0.20906941168277327	0.19953121208092717	0.19091728022506427	0.20435889146509909
0.1844934856801353	0.20384135601509104	0.20894467400989417	0.19095095091401323	0.21176953338086607
0.19030727730499158	0.20713191957025986	0.20342644067652121	0.19408152673926768	0.20505283570895944
0.19482705589696162	0.20221798957006307	0.19815073197186495	0.1951366131962261	0.20966760936488404
0.19286509515861242	0.20294103675407116	0.20025531730658658	0.19535983159634718	0.20857871918438245
0.1959550080465179	0.20348383712310786	0.19462967639641002	0.19538252739554926	0.21054895103841476
0.19724615945451254	0.20965396847719261	0.19639470809615858	0.1935433147403662	0.20316184923176983
0.19177374058665814	0.20784668235509388	0.20629706593311056	0.19347269409111392	0.20060981703402325
0.1994180832015569	0.20694389697061194	0.19779463058162472	0.19391626764368486	0.20192712160252133
0.19084845312916432	0.2091834090919217	0.19575817111164748	0.19403981132953507	0.2101701553377312
0.1895063429935735	0.21088179262651888	0.19670820215549112	0.19388942333054698	0.20901423889386933
0.1880699214463968	0.20603182126227712	0.20931399440932483	0.19315282567746028	0.20343143720454077
0.19434751957362292	0.21114812793468835	0.20149190900809041	0.1896444237251316	0.2033680197584665
0.20274703303072272	0.2003160843432089	0.19588124663110895	0.19104871329158657	0.21000692270337262
0.19926780745955625	0.21015685005804083	0.1929666006838537	0.1932624764343541	0.20434626536419492
0.201999884419923	0.20548965518248574	0.203911989277265	0.1895725847225516	0.19902588639777444
0.19768424443346547	0.2010147984484282	0.2024240687239663	0.19525672311617245	0.2036201652779674
0.19255497894121817	0.2079658258881722	0.19713096191674326	0.19308747927602188	0.20926075397784427
0.19282886237396513	0.20258400522746936	0.2072761321055796	0.19120214898892213	0.20610885130406356
0.19942385379395003	0.20225827666650026	0.1968080892700491	0.19628034811665615	0.20522943215284423
0.1944923159211708	0.20743218934445842	0.2025718389620199	0.1899534731278958	0.20555018264445485
0.1901884791867253	0.20514365791276482	0.19861920603435887	0.19353404849985623	0.21251460836629454
0.2011193991863313	0.20516089218821754	0.1945186527469256	0.18979896479674835	0.20940209108177701
0.18817301706210518	0.21148059880096626	0.2044040953096568	0.19091864318172871	0.20502364564554282
0.19163964475017703	0.2032041605608053	0.20625210536376004	0.19008463351228866	0.20881945581296874
0.20312681605446964	0.20000659130977544	0.19435384501446729	0.19114604598015947	0.21136670164112797
0.19657704441050616	0.20692616698243183	0.20165144951253472	0.19503775245470578	0.1998075866398213
0.20000681469094694	0.2038698907285078	0.2049827167361071	0.19283487931755589	0.19830569852688204
0.18907230124739552	0.2100400273156349	0.20553489530884123	0.19644041946332605	0.1989123566648021
0.1872259613354745	0.20503248991609282	0.20467724005157129	0.19361849098225944	0.20944581771460175
0.1844251906222281	0.2074162399170634	0.2054626391416123	0.19400286143501752	0.2086930688840785
0.1977056111857184	0.20107492579466862	0.1975663756831624	0.19347874482754918	0.21017434250890119
0.18436978044965685	0.21126861521719018	0.20793695193432804	0.1915156219356179	0.2049090304632068
0.19315255775868878	0.20250152824772094	0.2084686621030099	0.19435447890892793	0.20152277298165222
0.20138776381104767	0.20751833352482146	0.197907298786113	0.19117519469258185	0.20201140918543584
0.20299814542644815	0.20182249331491844	0.19707403922312333	0.19647933892935382	0.20162598310615604
0.19579302401027662	0.20838863881787686	0.19514866990004845	0.19467861284202037	0.2059910544297775
0.19296707790500944	0.2053173144371891	0.20324250709263372	0.19350346858089235	0.20496963198427517
0.18980166424258696	0.20803585667064406	0.20047103705728328	0.18992920498065863	0.21176223704882682
0.1986654574713363	0.20574690463851175	0.20585091724857393	0.18943457636324101	0.20030214427833679
0.18636551811920768	0.20927990960484041	0.2032210812610301	0.19116459786274942	0.20996889315217215
0.19749455044244604	0.20468184162219488	0.2061807414643438	0.19120556088443688	0.20043730558657818
0.18558309233242146	0.20234597769146473	0.2085943523374047	0.19128523447123086	0.21219134316747806
0.20317737962177823	0.20429260639776847	0.19681698411424897	0.19109567024795354	0.2046173596182506
0.18372352429202282	0.20795533101409866	0.20740005928606217	0.18978681977756087	0.21113426563025525
0.1970448318293432	0.20062825509582302	0.2063636779050042	0.19425687323217827	0.20170636193765107
0.19800147895028353	0.205110904557468	0.20367342682265258	0.19418248670449478	0.1990317029651009
0.18998442443323374	0.21018681078536988	0.20123855779918856	0.1922783275129236	0.20631187946928403
0.18668491608689453	0.20769807017760838	0.20358459735456755	0.1949551344528094	0.20707728192811994
0.18799577204365342	0.20339965054913206	0.20871572138443725	0.1945415383150538	0.20534731770772324
0.19469974744209537	0.21035362896520285	0.2030722222039736	0.18877077234232778	0.20310362904640017
0.18904012983938265	0.20511451853994775	0.20738962608278924	0.19523441812208292	0.20322130741579722
0.20155949261224043	0.2012425257911097	0.19765522142333303	0.19017856070962175	0.20936419946369486
0.19316249361024546	0.20371105859026223	0.20008603622412308	0.1926045571964795	0.21043585437888954
0.19081696932449643	0.20835275898620648	0.2067764009005576	0.194121778117789	0.1999320926709503
0.1914882625558362	0.20278535425168234	0.2053157722670792	0.194265244937313	0.20614536598808905
0.19345529774262457	0.20285018607058516	0.19680035814455943	0.19445860374628368	0.21243555429594696
0.18603568204215729	0.20721517167128545	0.20905652376031944	0.19400021106226423	0.2036924114639734
0.1973299878061603	0.20466165815570353	0.19762224799297523	0.19128126714690635	0.20910483889825435
0.1947483101103308	0.20876648204330323	0.20735436036266966	0.1897752891658904	0.19935555831780566
0.1872046107858165	0.20357156415247263	0.20436394404268815	0.19225634821010085	0.2126035328089217
0.18947614125559561	0.20638441638416097	0.20160329060028534	0.19309583090630072	0.20944032085365713
0.18889296537409367	0.20612727897648284	0.20207923645817857	0.19197825052671913	0.21092226866452557
0.18845178113239316	0.2097395978403588	0.1997117889471228	0.19158432143229834	0.21051251064782667
0.20330875970631584	0.2014510426683556	0.20270703341550875	0.19131450725857044	0.20121865695124916
0.19749502940482808	0.2071569393698267	0.19514103620512696	0.19046520949565515	0.20974178552456285
0.19683417653896712	0.2078136149888983	0.20492325722867172	0.1891493311338059	0.20127962010965678
0.20018693790916636	0.20633679801439786	0.1986552056099802	0.19094954805966324	0.20387151040679208
0.18725765687090473	0.21135688779204295	0.20925988885517707	0.19106803800018352	0.2010575284816915
0.20392006822802927	0.20003087244766327	0.2029175267896676	0.19084674972891172	0.20228478280572793
0.19178282514484213	0.20495716434607686	0.19516949415902674	0.19638091895886953	0.21170959739118453
0.19106259042758011	0.21143080877024661	0.20205583737432511	0.1891867596015958	0.20626400382625215
0.1958153007794668	0.21058335347904195	0.19970171804083908	0.19418111260652096	0.19971851509413102
0.20003774434177252	0.2072323978233908	0.1961878861230495	0.19334782420673352	0.20319414750505344
0.195369209763343	0.20138667891747636	0.20539662586480675	0.1888180360660348	0.20902944938833887
0.20071254996971097	0.20234312589705034	0.1942632586945566	0.1903158565782059	0.212365208860476
0.1976295354265196	0.20495844827260115	0.1984163648357015	0.18946945016338604	0.2095262013017915
0.20163185789373023	0.20472475967449924	0.20108455538525674	0.19428178850716915	0.19827703853934445
0.19080353523868557	0.20523370459782306	0.20085162727622866	0.19560798955819095	0.20750314332907155
0.1965527538684076	0.2037832699383757	0.20460086516754464	0.19157932237237463	0.20348378865329722
0.19361273883860375	0.20314575115158764	0.20664138037460772	0.1896660052569438	0.20693412437825687
0.18959646953032902	0.20957013378034725	0.1974267884429861	0.192727426056935	0.21067918218940238
0.20169195336397888	0.2042833387817596	0.1983190739095324	0.19082487270414447	0.20488076124058438
0.1990020671058332	0.20425742984988404	0.1973167166509505	0.1945133373068759	0.20491044908645614
0.1876654662424337	0.20958941342241147	0.20294111273316073	0.19009114486083814	0.20971286274115572
0.19952889990442546	0.20613609712046754	0.19744056409290112	0.19599268917018467	0.200901749712021
0.18907576566183554	0.2038837649250922	0.20649849736115955	0.19518827699399532	0.20535369505791717
0.19686691105595563	0.20549352318505812	0.2024201791881716	0.19627628509058362	0.1989431014802308
0.18898963583275483	0.21114423864253312	0.19462078871955435	0.19498566150950947	0.21025967529564799
0.19344572473192373	0.20363471906276684	0.20938928875565282	0.18985992617914088	0.2036703412705155
0.19346777448412192	0.20270804599353312	0.20233725890555387	0.1943353324908347	0.2071515881259562
0.20152090710896442	0.20084632600812458	0.197510438802275	0.19422515854196754	0.2058971695386682
0.19465987900803516	0.21110492417958346	0.19603123653681584	0.1911231399657347	0.2070808203098306
0.20362447024993682	0.19961025675100474	0.1962416668841458	0.18879340275960327	0.21173020335530918
0.19886808644349183	0.20482606422602698	0.19997429335371233	0.18994928687522822	0.20638226910154045
0.18932497249085564	0.20944939081047545	0.2016305935782568	0.19071397819724195	0.20888106492316993
0.20059624737638856	0.201180816984502	0.19487494489210033	0.19528481363609976	0.2080631771109091
0.1925378354875482	0.19984509849192436	0.20946733891618458	0.19524388693764028	0.20290584016670238
0.19097933093338765	0.20319784424944598	0.20535041073023608	0.19244187591641462	0.20803053817051548
0.18707178946676095	0.20944289803123767	0.20551996760388944	0.1937038054085567	0.20426153948955503
0.1870058950792763	0.20442543053753234	0.20614786094420415	0.19443331666021235	0.20798749677877465
0.20124607971212868	0.20876524298466304	0.1988664107258749	0.192378416758394	0.19874384981893914
0.19907744299238503	0.20522141076014286	0.20015462976270243	0.18995706807407345	0.20558944841069599
0.18862731632259186	0.21067002217208164	0.2043110451296766	0.19303162311177974	0.20335999326386997
0.18496221254420242	0.20918646008818337	0.20360273684403554	0.19491661507004804	0.2073319754535304
0.19145761475339199	0.2055559046853955	0.20667408649598956	0.1943716633600751	0.20194073070514762
0.1973494897138124	0.20139764667616153	0.19732283403125458	0.1943460626115735	0.20958396696719778
0.1939603931496923	0.20217310471255848	0.20460358486945626	0.19069652942238516	0.2085663878459076
0.1882798170480319	0.20154674564412728	0.20481597339117008	0.1954529770625086	0.2099044868541619
0.18622279603123415	0.21034223803340302	0.20012917614459952	0.19308572302119553	0.2102200667695676
0.20034855352803269	0.19988777765332036	0.1955968936917036	0.19261234810686848	0.21155442702007465
0.18441435845075613	0.20937949941193199	0.2089954399839023	0.19023144599923134	0.20697925615417803
0.18547570279336964	0.20326317991563433	0.20741990253110593	0.19143580861259352	0.2124054061472964
0.19386290068636397	0.2029765571992759	0.20742095679333403	0.1955283845702549	0.20021120075077095
0.1903570310977482	0.20668892501380268	0.20838296503777465	0.19222533723871935	0.2023457416119549
0.19542837420530995	0.2106383704432931	0.20340768815737764	0.19114087979046882	0.1993846874035503
0.19498557810410255	0.20552908561607233	0.19707213101912283	0.1929216903242579	0.20949151493644416
0.19139153385880997	0.20888023287084662	0.19508327361839237	0.19342752048455192	0.2112174391673989
0.19123671695383965	0.2003693825630921	0.20465311560549168	0.19164590394400616	0.21209488093357018
0.18959443946576687	0.20652472640592562	0.20339459771939325	0.19436344278990308	0.20612279361901095
0.19410138862743462	0.2068996052335113	0.19964525203485442	0.19047933587590862	0.20887441822829078
0.19533672837130775	0.20379215208874596	0.19815962847744442	0.19042365825165897	0.21228783281084268
0.20178458935560498	0.20177274256145772	0.1949682374908426	0.1934448365308012	0.2080295940612933
0.1856113466443085	0.20521451061981397	0.20219250862992647	0.19587056306881745	0.2111110710371334
0.19649387301984958	0.20402070753526885	0.19747736884685213	0.1925799256291101	0.20942812496891908
0.19420098679712738	0.2075078458085342	0.20423123460496453	0.19444663586024755	0.19961329692912608
0.19178196759374952	0.2051161698184915	0.2062839904655158	0.19168558629890312	0.20513228582333984
0.19778498224686444	0.20842064973309407	0.19887542650208065	0.189054405740065	0.20586453577789565
0.18749300844902073	0.21118467555329595	0.20480966531574862	0.19217574075723082	0.20433690992470366
0.19461186490568608	0.2025512902131176	0.20579050117471556	0.18988926475558346	0.20715707895089705
0.19675129081000428	0.20588962094766816	0.19446439779686606	0.19396942743579446	0.20892526300966682
0.1961125832316487	0.2011370848141833	0.20178271760514246	0.1892115250837173	0.21175608926530803
0.19556016861102857	0.20031166605946202	0.20558791447304484	0.18950431785282337	0.20903593300364098
0.18377044987334898	0.20330177125812854	0.20934720610057778	0.19523011644170046	0.20835045632624402
0.19677293187200853	0.20656841272694879	0.198991961333486	0.18975940962435478	0.20790728444320167
0.19739131426129902	0.20146867077928657	0.1975473827390634	0.19615499787761229	0.2074376343427385
0.20276911671227635	0.20260197755843543	0.19671558580207296	0.19368657268643144	0.2042267472407836
0.19805383679824867	0.20901744020974952	0.1934769687224357	0.19302322652506804	0.20642852774449783
0.19608712444962614	0.19975159305414414	0.2068212761519735	0.19121529674714122	0.20612470959711476
0.1921701790006882	0.20522130313720158	0.20122049002422202	0.18938242113323722	0.21200560670465074
0.20057420446911473	0.2082741678706617	0.20363036416049693	0.18876463974266589	0.19875662375706055
0.196245663474298	0.20309395069366673	0.20056163023224985	0.1894133109452004	0.2106854446545848
0.19217194923392691	0.20696831835132803	0.20891508185300153	0.18943502766032994	0.20250962290141333
0.1888692759170757	0.20831707625472187	0.20060902392221863	0.19450457054857676	0.20770005335740685
0.19072377959018602	0.20523310851309515	0.20598715848083546	0.19347133448592732	0.20458461892995586
0.19751332075147693	0.20780768039436787	0.1947216855568252	0.18871570565486925	0.21124160764246055
0.19287383598942975	0.20233592927560198	0.2042030382300623	0.19505177775309002	0.20553541875181572
0.18497634526040227	0.20583772391199362	0.20781557667698586	0.1927096303151195	0.20866072383549852
0.195206712504922	0.20984718345272477	0.19687362413937434	0.19153280453118487	0.2065396753717938
0.1958508286904357	0.19994329227940377	0.19967433940062573	0.19253725166401342	0.21199428796552114
0.19527644901053084	0.20130545400361216	0.19938419977748	0.19401631408585696	0.2100175831225198
0.20138710958395645	0.19991735523128076	0.20744604140497466	0.19130439258747675	0.19994510119231115
0.1851220604370353	0.20785265178443393	0.2055459332634504	0.19484654910396157	0.20663280541111861
0.19162205194694873	0.20244948417682157	0.20782047649838628	0.19258730209729416	0.20552068528054906
0.19130767815591743	0.20741641947507028	0.20533402739955667	0.1909934961066478	0.20494837886280762
0.19542266747268416	0.20995979207144716	0.1934175483626285	0.19645294160931687	0.20474705048392308
0.20098591862039258	0.2035733876626154	0.19868971135105326	0.19317292962985128	0.20357805273608726
0.19272660391179086	0.20842132367735478	0.19299066623540737	0.1950467115657349	0.2108146946097119
0.191820051556901	0.20944732615516898	0.20187622738436287	0.19328978573204783	0.20356660917151914
0.20136647462989726	0.20166781575015766	0.20058019371186248	0.18998329892279178	0.20640221698529057
0.19933044530346586	0.20160001541259573	0.20568986787529828	0.18987399600379098	0.20350567540484893
0.19503017515625798	0.2013621489948166	0.1979508120325492	0.19401650798954911	0.2116403558268269
0.19057947323396796	0.2105044899349834	0.20829620162055296	0.19185433242167882	0.19876550278881666
0.20102440213229406	0.2052101263240267	0.19433721845033158	0.19068101002548332	0.20874724306786413
0.19490380732474	0.20285503680636208	0.19890153421219317	0.191436990186669	0.21190263147003557
0.20043559987819773	0.2007684771708827	0.20511820035909303	0.19066895184352825	0.20300877074829807
0.19901223280994754	0.2061391156590401	0.20664625987277283	0.1890558051549779	0.1991465865032614
0.20072996420745723	0.20961138034300258	0.19317873198783184	0.19249548272721292	0.20398444073449523
0.20343998823855847	0.2001032849606028	0.20090357626771824	0.19076057052527928	0.20479258000784098
0.19513327888081167	0.20465943867132608	0.20686148345787608	0.19330362198339465	0.20004217700659133
0.2012368041451003	0.20851384688190575	0.1953706644881842	0.1930614674551989	0.20181721702961064
0.19754848789868987	0.19958175030613892	0.20060574173586787	0.19111232329768182	0.2111516967616213
0.18715726895214763	0.21062236816350835	0.20390572768140136	0.18919845520133324	0.20911618000160923
0.18416382563808195	0.21152803493864747	0.20901008883713548	0.19397201735775366	0.20132603322838122
0.19913485969448014	0.2038974741044878	0.1974758758079624	0.19243972865245057	0.20705206174061888
0.18965310026322274	0.21038343026170622	0.2058603391460347	0.1926498356464502	0.20145329468258594
0.19924282585217074	0.21029174330565753	0.20038293080005143	0.18880214834079412	0.201280351701326
0.19852422950342358	0.20509397551800934	0.19990976489564277	0.1931540389221406	0.20331799116078353
0.18445313910004713	0.2086064750258729	0.20598159418800102	0.1921794897240726	0.20877930196200611
0.2034124147552133	0.20287653169833594	0.20530128241854123	0.18886159140581404	0.19954817972209526
0.1998258651073646	0.2048443410108053	0.1948892146985298	0.1956752681598809	0.20476531102341916
0.18769327414475287	0.20905618103206677	0.2063698033456921	0.19597272060944926	0.2009080208680388
0.19383564649009374	0.2060536525661693	0.19991851428785085	0.19141432278378182	0.20877786387210406
0.19796323026336182	0.2000312183483009	0.20662290791242768	0.1907959398193951	0.20458670365651427
0.1974260433810474	0.21055347975072095	0.20104271881152108	0.19029175313267782	0.20068600492403255
0.1952066808690117	0.2064958988204658	0.197493572483727	0.1903493672491761	0.21045448057761926
0.20303746028124972	0.2024165424213188	0.1947670603300818	0.19145435321934964	0.20832458374799984
0.20085827566002393	0.20714230448705861	0.19316352601386272	0.192986730694823	0.20584916314423152
0.1985078603315285	0.2072704274772813	0.19618498383241784	0.19578325700993734	0.20225347134883478
0.1848784787193542	0.20790668220578745	0.20221687017821224	0.19654466331605133	0.20845330558059455
0.1851453586392642	0.20771554079001045	0.20569804007954434	0.1946847609396346	0.2067562995515462
0.18959106446525023	0.20861359777076877	0.19959217429505488	0.19072884671576146	0.21147431675316444
0.20220963902448583	0.20580858402827276	0.1967654351657876	0.19487138452275923	0.20034495725869436
0.19284009037745556	0.21025217087660997	0.20930392258497013	0.1892344222400684	0.19836939392089573
0.19686704321812407	0.20569880520833553	0.19636770457076624	0.1921200452378964	0.20894640176487755
0.19541677158940435	0.20844624728534852	0.19941395845022997	0.19571431702347647	0.20100870565154047
0.18860506043407493	0.20684636998043632	0.1990209836547017	0.19455316473388012	0.2109744211969067
0.19485621486924778	0.20208827623302392	0.20045859240550293	0.19043074692957948	0.2121661695626457
0.1901440750264508	0.20307477098391866	0.20534069434966068	0.1944740799346408	0.20696637970532883
0.197601103468708	0.20254608235852317	0.1930664219572502	0.19601390254163772	0.21077248967388068
0.19050955609783124	0.21146217748713486	0.2069627978869022	0.19264012683470988	0.1984253416934216
0.19543766288516437	0.2048410607540277	0.2060059005058801	0.1955168002444108	0.1981985756105168
0.19326665463215761	0.2045990205497385	0.1979566470534771	0.19647600335338827	0.2077016744112383
0.19162509230337973	0.20367176827337344	0.20407967902587676	0.19261025534241527	0.20801320505495458
0.18489781254799634	0.20875442790439874	0.2077764613287408	0.19296641218603838	0.20560488603282548
0.20297355744857387	0.20037254672045343	0.1965585013107009	0.19644737619421462	0.20364801832605695
0.19129016154624753	0.20518266160379528	0.2081049335275237	0.19183306504446912	0.20358917827796413
0.20057735062580875	0.20155416204944282	0.2048305872467084	0.19283470984223194	0.20020319023580788
0.19571240983145763	0.20451086559366488	0.19706720395943836	0.19596121611903608	0.20674830449640283
0.19309805878556538	0.20241769964643364	0.2074581376317843	0.19139015996744776	0.2056359439687687
0.18974145870029163	0.20822480666516288	0.20011931971333807	0.1916296016258215	0.2102848132953857
0.1912338177161403	0.2096105925999823	0.1952174626616438	0.19129642787221368	0.21264169915001974
0.20158183428391618	0.20365919608063543	0.19663935676000277	0.1896856311034853	0.2084339817719601
0.20025019008511932	0.20317029401274822	0.2007490590364725	0.19124392849669802	0.20458652836896168
0.19213977033363666	0.2056300016879156	0.2088601552053931	0.19147335610526034	0.2018967166677941
0.19436025444686336	0.20945831407454676	0.19337972660484887	0.1944356164292783	0.20836608844446244
0.18550958505476994	0.20970144844605718	0.20380280963629197	0.19263235551572552	0.2083538013471552
0.18798783885082698	0.20224903384899903	0.2061133057097494	0.191313491153428	0.21233633043699637
0.19226514013169177	0.21051581460598465	0.19772240469579944	0.19023830212422557	0.20925833844229835
0.18724496430302578	0.20584080386335113	0.2013807347116707	0.19548465084817196	0.21004884627378018
0.1939900889080999	0.20041207912943218	0.20172688757491397	0.19165718192968806	0.21221376245786566
0.19376874304095162	0.20964090697336768	0.2073957425815532	0.19100649621843666	0.19818811118569063
0.2010679438446613	0.20008817143856567	0.20675445847874813	0.19081597344633397	0.2012734527916907
0.1904017473682979	0.21110701037540758	0.20630688033761224	0.1930308634481948	0.19915349847048724
0.191516884994382	0.2028669394028201	0.20282020776414642	0.19409869230099253	0.20869727553765877
0.20005218836032101	0.20420944280163464	0.20277803926630772	0.19286051396689405	0.20009981560484238
0.201292610314286	0.2096946335672673	0.1944404299320246	0.1952224852709224	0.19934984091549945
0.2004501856203837	0.20051213970693935	0.2055068456791299	0.18966499802349412	0.20386583097005273
0.2013347696930993	0.21149582635329536	0.1929578430850871	0.1887828434414102	0.20542871742710783
0.18722866762469814	0.20848871373347577	0.2009705496635197	0.19603751752584594	0.2072745514524602
0.2007022529363371	0.20064172546044498	0.1945327105609735	0.19373273562364404	0.21039057541860018
0.19794320440228474	0.20423895413839946	0.20004260943456004	0.19414388767565127	0.20363134434910427
0.19039598430032179	0.20567033522847156	0.2092131804219725	0.19223329737850234	0.2024872026707316
0.20307687077657086	0.20580797031997586	0.1934411904246154	0.19425436138870858	0.20341960709012907
0.19264648525384015	0.21046292105542938	0.19430111527460664	0.19643439061934764	0.20615508779677597
0.18838849910854003	0.2015356587408889	0.2043866437881379	0.19338332065440744	0.21230587770802556
0.18871639756994998	0.2074594293485819	0.20102120626377973	0.1929704339649152	0.209832532852773
0.2006954354004751	0.20199450374065211	0.20297708077641852	0.1897067510378357	0.20462622904461833
0.18494062916762807	0.2048366884302376	0.20727267516776585	0.19057491808790675	0.2123750891464615
0.1871779817784716	0.20570115121369048	0.2064117874527775	0.19514794180891543	0.20556113774614476
0.1897352675959672	0.20320055253901811	0.2051522253817236	0.19527431686229113	0.20663763762099974
0.19467700297276985	0.20190149366434446	0.20533708567111764	0.1915280177444712	0.20655639994729663
0.20070139177092658	0.20571509597906804	0.1957752176607872	0.19253315210912936	0.2052751424800886
0.1922863745340788	0.2063008719999462	0.2030680751457707	0.19511773018412526	0.20322694813607883
0.19848927477007727	0.2069309672000177	0.19419970126686203	0.19438430086896635	0.20599575589407637
0.19729395182681506	0.20861142003011143	0.19744112857446797	0.19123289248984507	0.20542060707876025
0.19056664742912854	0.20312746074953328	0.2022756040745926	0.19134495803694465	0.2126853297098007
0.1886324694047963	0.20765266343789665	0.20739338128323556	0.19037828906223472	0.20594319681183657
0.195436567819784	0.20818909262370397	0.19546437652903517	0.18890551242062825	0.21200445060684836
0.19855584835450887	0.203287351309591	0.20738417962708697	0.18870780646759105	0.20206481424122189
0.19285927146941356	0.2074418282941004	0.196576176853338	0.1926454667103501	0.2104772566727977
0.19387364955043512	0.20994908387736258	0.2033585720095107	0.19294965655388216	0.19986903800880923
0.19866619131859867	0.20958050378769272	0.19311838544821705	0.19003588448809577	0.20859903495739557
0.20059512296365758	0.2102502124334716	0.19321996645324188	0.19590290540977215	0.20003179273985658
0.1898203504651819	0.20278211822602918	0.20574739462837827	0.1945275950840272	0.20712254159638324
0.19446034335655218	0.20517924472942087	0.20502648650805108	0.19259386502263143	0.20274006038334424
0.2018166707241472	0.20110083250777844	0.19665402252678543	0.19371868470208842	0.2067097895392003
0.20059021310498157	0.20972855334941964	0.19689029351645654	0.19359973657081375	0.1991912034583283
0.189084475951534	0.21149469100319623	0.19319122429399133	0.1962963637750529	0.20993324497622531
0.19072806893601493	0.21129619930611615	0.19700192052531182	0.19424346976001444	0.20673034147254243
0.18983694845966745	0.21150335221161104	0.20164806207574099	0.19465891640285188	0.20235272085012845
0.20103528924717215	0.2032562761977096	0.1969763044400563	0.19038939420388418	0.20834273591117758
0.18993442757376627	0.21067092581280936	0.1930439494881431	0.19656434187621113	0.2097863552490699
0.19040677196614994	0.20628036530474636	0.20275874880362477	0.19244915567241397	0.20810495825306477
0.20158879960357504	0.20807399795844855	0.1934598622552295	0.19487224119303706	0.20200509898970964
0.20153120428252583	0.20563816836517929	0.20158730350574	0.19247648322015437	0.19876684062640027
0.1835026529332707	0.20588135148503012	0.20795470171654035	0.19590911899690122	0.2067521748682574
0.1993589250919731	0.20630777794604996	0.19334284803965657	0.1951929607472304	0.20579748817508978
0.2037130804904633	0.20469933377281474	0.19844898714675585	0.19406922131971435	0.1990693772702515
0.19482218051812464	0.20245347372531242	0.20655950563217426	0.1898721480300698	0.2062926920943187
0.1960701092696538	0.21087518553590748	0.19964809896923394	0.19190743701374785	0.20149916921145672
0.19948433750622138	0.2001602718866905	0.20816346694757545	0.19051116368437293	0.2016807599751395
0.20040862382723837	0.20613846718128345	0.20035296344069295	0.18986379971395206	0.20323614583683292
0.19044026449920534	0.20876558645080093	0.20602175218282584	0.1903254381918355	0.2044469586753322
0.1859145277191511	0.20673259177321424	0.20723798175934557	0.18922126453373972	0.21089363421454912
0.19605999675401362	0.20225185470657595	0.20115912983258638	0.19345301664471867	0.20707600206210516
0.1870676938539882	0.20318566435659838	0.20293005723463534	0.19467019165497756	0.2121463928998003
0.19134304647485653	0.20854212008490536	0.19590854109540767	0.19656854056581732	0.20763775177901292
0.19835367620620908	0.20597092026814676	0.19559140225652757	0.19343073444514122	0.20665326682397514
0.19377832809416662	0.20012308300017617	0.2078160035869971	0.1895046150701551	0.2087779702485048
0.20366935097083183	0.20102919051652812	0.19375064606835388	0.19184565420851565	0.20970515823577027
0.19307803683212707	0.21043621219592804	0.20011138343719675	0.1935092152612047	0.20286515227354318
0.19464456860394455	0.1995505540813492	0.2072984852813446	0.19238594252556943	0.20612044950779201
0.19392721208326205	0.20754792520771373	0.20057077508447846	0.19037122810060994	0.2075828595239356
0.19240731931634583	0.20664883958592017	0.2041844982664003	0.19642246066899124	0.2003368821623422
0.20310189321991604	0.20215856423402934	0.19328846738781807	0.19294690026499675	0.20850417489323958
0.19206613730939048	0.20795127990823772	0.20084351426973526	0.19312763769665672	0.20601143081597956
0.19940247913871784	0.2026754483112009	0.19656411765926676	0.19158745923944132	0.20977049565137296
0.197353999108561	0.1999794300283912	0.2058538773930185	0.1915574318398822	0.20525526163014687
0.19529665103410745	0.2068262105058433	0.20585080225715008	0.19050778910013175	0.2015185471027672
0.18801533917379606	0.21117195903003272	0.193235805688951	0.195980633569615	0.211596262537605
0.18977732727424904	0.20700586172305335	0.20426955579361855	0.19538085785843595	0.2035663973506429
0.1901383244441375	0.2104474949153995	0.20147180294607756	0.19530690334688044	0.2026354743475048
0.186051469991622	0.20470875389066656	0.20744495853845116	0.19223266544361992	0.20956215213564014
0.20387853954421378	0.202322610243245	0.1981068311020405	0.19423677461648617	0.2014552444940143
0.1981409636622542	0.20083503580434975	0.20725413259477504	0.19237556432521133	0.2013943036134095
0.198556245618536	0.20684797584173553	0.20070572594079802	0.1927938012014619	0.2010962513974683
0.20405714605771902	0.20692541142517654	0.19760202969358684	0.19107648237506958	0.2003389304484478
0.1921039708036793	0.2089471151571738	0.2067212701608715	0.19133171979317076	0.20089592408510445
0.19533814412293912	0.2030876971658707	0.204623131681482	0.19382681266938473	0.2031242143603232
0.1933200067637567	0.20838279753928082	0.19438152555312924	0.19616729062342605	0.20774837952040695
0.2040208139244524	0.20032044820671138	0.20298363377482084	0.18996841066173512	0.20270669343228004
0.18695830770774793	0.20989002492896802	0.20194804048424295	0.193980132984961	0.20722349389407987
0.19379628466216384	0.20746466589408727	0.200736213080294	0.1898453012551234	0.20815753510833132
0.196858773156869	0.20932765524971264	0.20020582244758112	0.19278204507511248	0.20082570407072453
0.18621113609423284	0.20804978929869447	0.20702238271133994	0.19470476555379548	0.20401192634193704
0.19270841066096583	0.20331425956637506	0.2090687818424869	0.19170727968371426	0.20320126824645773
0.18999759526295276	0.20550587868974918	0.2091619312029302	0.19444163459536307	0.20089296024900455
0.1900486927779787	0.2097104096240609	0.19819589002658372	0.19206480857227481	0.2099801989991016
0.1966863270003704	0.20735402898084843	0.20042638249677078	0.1901182352506206	0.2054150262713896
0.20112868501558093	0.20843845027760158	0.20284435048804048	0.1887773883629617	0.1988111258558151
0.18494484545090015	0.21151163016897276	0.2030860647499556	0.19172129148270078	0.20873616814747048
0.20112304610743276	0.20188506797448372	0.19647533084511998	0.1887700813632051	0.21174647370975822
0.20382454513289497	0.20117925537208786	0.20260505890130465	0.19257668265161548	0.19981445794209682
0.1959610888278701	0.20299733659956903	0.20369083487148376	0.19004629766305886	0.207304442038018
0.19303399189557527	0.20574136160447898	0.19724441074420718	0.19500175864016006	0.2089784771155783
0.1865873581738343	0.20532594796778827	0.2046025647199339	0.195874495461353	0.20760963367709034
0.18507025478239633	0.21156416985027007	0.19672706800165132	0.19456913772103784	0.2120693696446442
0.18803695995649394	0.20887272959293723	0.20544668487075834	0.19339718098625766	0.2042464445935526
0.20017430054947113	0.20868533219116311	0.19804454763884685	0.1921320107947581	0.20096380882576056
0.18912822209584831	0.20534856379405048	0.20562082843819046	0.19222086833286217	0.20768151733904838
0.19416335244664545	0.20709677883113017	0.19612665709211036	0.19428444114686794	0.20832877048324588
0.19333223898620724	0.20416797902788592	0.19876503927537506	0.1910838817909133	0.2126508609196183
0.20094039526809646	0.20158982907063944	0.1977194008494575	0.19470067822023185	0.20504969659157454
0.19749045490321976	0.20668238879617923	0.20388032676122197	0.19241959576463105	0.1995272337747478
0.20075862745939432	0.2045446724874695	0.19772662120031315	0.19416475825980145	0.20280532059302137
0.1905035552298652	0.20942065238190175	0.19692468600325533	0.1923871706929144	0.21076393569206314
0.19891882119575913	0.20586842710179473	0.19532039459726358	0.19290715136712994	0.2069852057380524
0.20231252781120793	0.20978564862018237	0.1939964501221624	0.19081973050551876	0.20308564294092835
0.19414244261591485	0.20322033246351073	0.20258003561057134	0.19084010906011378	0.20921708024988908
0.2040563848573422	0.20033320562857018	0.19539704410592812	0.1943052460768161	0.20590811933134315
0.18932499480922754	0.2050657202596633	0.19891236463276254	0.19584127165440365	0.21085564864394274
0.1936853091109067	0.20674745764449917	0.1993155662695046	0.19071390795333212	0.20953775902175723
0.19753048888809477	0.20022696220024658	0.1994751477722685	0.195626494293074	0.20714090684631598
0.19476214238346554	0.2003504284412085	0.20282327428622268	0.19545333101352746	0.2066108238755756
0.19270841537806838	0.20002397677417647	0.20854273293897996	0.19163542660162436	0.20708944830715068
0.20219340191084528	0.2084342997482622	0.19558736515583883	0.19132803611104401	0.2024568970740095
0.1838830311006217	0.21125702837747212	0.20093236760885116	0.19368427466957075	0.21024329824348403
0.20038025483243735	0.20240490504477937	0.20338001028820696	0.19203741315522993	0.20179741667934617
0.18326934360238795	0.21000402422196088	0.20581074946545866	0.1897081068368013	0.211207775873391
0.19241967391856887	0.2008843160802325	0.20678433569123325	0.19106537713260074	0.20884629717736442
0.20179733694047178	0.20181211040809582	0.20738937829842718	0.19031953352121833	0.19868164083178666
0.1988922143753555	0.20294261492554735	0.19890420608341858	0.194399986183658	0.20486097843202036
0.19893792651230865	0.20256063033310215	0.20376035494355305	0.19347562920718042	0.20126545900385548
0.20079551596166145	0.19957525053540653	0.19892137136212942	0.1926538683286213	0.20805399381218107
0.19880832732737005	0.2041430926982854	0.19319041672172446	0.19248412829509437	0.21137403495752546
0.19033685105293582	0.20724680735091536	0.20049857170384244	0.18916617354477488	0.21275159634753127
0.2037587549469599	0.19998626795852753	0.1945389556531159	0.19656574649170788	0.20515027494968854
0.20023385546114003	0.20349630038552632	0.19639797727945535	0.18988335056999375	0.20998851630388432
0.19628681178931487	0.20541998725344066	0.20022123779012402	0.19334154717612534	0.20473041599099492
0.19812049965455544	0.20563549284115734	0.19796595458811916	0.19589954360276457	0.20237850931340326
0.19330911791449773	0.20721494864359757	0.1988120218386959	0.19258041555280112	0.20808349605040746
0.19698134101047862	0.206166647144238	0.20378702582629066	0.193756595667695	0.19930839035129755
0.19855950220091764	0.20266528818345358	0.20471612066198616	0.1954952672696586	0.1985638216839838
0.1872514717697687	0.20405910068741834	0.20864996214428588	0.19414639093388117	0.2058930744646457
0.1917595644663363	0.20805960842037324	0.19782247267209607	0.195946634221952	0.20641172021924217
0.1907987026771191	0.20204130329522507	0.20353914076337967	0.19086531915873511	0.21275553410554082
0.1998794600554552	0.2079230701254107	0.19788617519593818	0.1896450355870659	0.20466625903612978
0.19763679412165283	0.2016450261127475	0.20837235327451858	0.1900189777313198	0.2023268487597611
0.18384898325696253	0.20222021692420944	0.20749598659939889	0.19444991846962345	0.21198489474980547
0.20003835726994623	0.20848801443360365	0.19494718622015147	0.1911476783403269	0.20537876373597153
0.189041946349852	0.20867392689103773	0.19958121315579905	0.19227190661919477	0.21043100698411624
0.18461455314595673	0.2098683792153687	0.2083682072156082	0.19380640146349487	0.20334245895957132
0.1835564889644702	0.2106886938871319	0.20891181784128277	0.19321487590304248	0.20362812340407246
0.19495126185533657	0.19969396910881057	0.20549038506874479	0.19201146410286046	0.2078529198642474
0.1934263211956461	0.20880631951062265	0.1981277725171662	0.1929076843461521	0.2067319024304127
0.19245755468495745	0.2107091548404636	0.2073039578733559	0.18955616804969075	0.1999731645515321
0.18990048798812856	0.2077223295095107	0.2030726353238557	0.19587811847397146	0.20342642870453337
0.19378036211126345	0.21033413846316196	0.19753439768845654	0.19588313907701602	0.2024679626601018
0.1944869899449302	0.20863012579040158	0.19414634038402576	0.19274948757379007	0.2099870563068522
0.19516135832850573	0.20124200528596534	0.20170307145732017	0.1949174645340101	0.20697610039419845
0.1941294799768451	0.20856843687201385	0.19736256870359567	0.18910782797195536	0.21083168647558984
0.19316765254058207	0.2050451079245363	0.19626669663882398	0.1936344137486079	0.21188612914744956
0.1900847242484229	0.20142698539397202	0.20413601262287745	0.19542477985861872	0.20892749787610868
0.18895925201515912	0.20470020232138733	0.20347848439707805	0.19607031659549115	0.20679174467088413
0.1957726774623147	0.20184712549520542	0.20745940926863057	0.19193544561093695	0.20298534216291217
0.20017544934175405	0.202393593890501	0.20210873287602016	0.18998961141316784	0.20533261247855672
0.1984247178948255	0.2058937802918492	0.20375791219288136	0.19115342668457924	0.2007701629358645
0.19739399255631024	0.20195694764833996	0.19898376837754686	0.18920051779669608	0.21246477362110663
0.1925751123755351	0.20887798087019901	0.19661253410662807	0.19280957292708703	0.2091247997205506
0.1872877219189969	0.21113140880063141	0.20093029512265378	0.19176632696298443	0.2088842471947333
0.20062473791601046	0.20073458140559544	0.2009546098502056	0.19640036310508444	0.20128570772310383
0.20202510980988378	0.20743179022780095	0.1929995229094119	0.1925236703865483	0.20501990666635483
0.20348335840755652	0.2101304716143782	0.19340236704969258	0.1946630968836194	0.19832070604475308
0.20116979313556063	0.20459837406481177	0.19928253221133432	0.19009353829988465	0.2048557622884084
0.19747866181830584	0.20237643478071943	0.19877516310924825	0.19456962686953752	0.20680011342218874
0.18640025694815593	0.2036100675986283	0.2067549089980542	0.19630143636342248	0.20693333009173884
0.20191390243810212	0.21089220745266382	0.19344134878132754	0.19326333849627222	0.20048920283163407
0.18548439424849905	0.21139205130188515	0.20205205677994723	0.1887959751227566	0.21227552254691176
0.19434203232592476	0.20964043306060073	0.19300321254931402	0.1924928533690597	0.21052146869510055
0.20074953433168424	0.20149218038650238	0.20412294706853093	0.19245262494700885	0.20118271326627335
0.19375741015019904	0.21123404733836604	0.19910381167135907	0.19040526483144377	0.20549946600863186
0.19987006038556995	0.21013965262464535	0.19476720717448784	0.19610467142582896	0.19911840838946765
0.19186560182487453	0.21157618021962557	0.20060643546432397	0.1897379415714722	0.20621384091970352
0.18542755621958318	0.20551948662474218	0.20440039652353126	0.19616251270058263	0.2084900479315605
0.19225896376277615	0.20096548107540566	0.205029581329634	0.1904021742976799	0.21134379953450408
0.18621045890926935	0.20968128557301008	0.2085222039469844	0.19424591793901896	0.201340133631717
0.18751746250656587	0.20557835521816556	0.2062146892304749	0.19103653978967058	0.20965295325512284
0.1959350050212824	0.20895139205637575	0.19811208119746898	0.19494594817318928	0.20205557355168335
0.18728082701841875	0.20737371396632095	0.20884907133985778	0.19399185542758876	0.20250453224781353
0.1972492081859095	0.20786519337948675	0.19411313229981467	0.18969730090207665	0.21107516523271225
0.18582130010479475	0.2066266361417408	0.20067858449950568	0.1942731553019677	0.2126003239519909
0.18856070291434637	0.20956846653058692	0.20005581705804393	0.19264185396618383	0.2091731595308387
0.1972186444441627	0.2016037622850636	0.20185705712322416	0.19059660989455077	0.20872392625299854
0.19870231867336766	0.20066158424911798	0.20513509468745406	0.19204197152915853	0.20345903086090156
0.19044712707010275	0.2099431024200798	0.19939061140456468	0.1899612063644796	0.21025795274077294
0.1910771844207123	0.20120588251866892	0.2065810966449641	0.1897808005421595	0.21135503587349497
0.18734600041879745	0.2050369757762255	0.2082188852928456	0.18894233011461853	0.21045580839751268
0.2009538113532862	0.20320529390396327	0.19436313264599112	0.18989917920376082	0.2115785828929984
0.20203681384867705	0.20437397073010344	0.1975452426481292	0.1906566992842205	0.2053872734888696
0.18907037317844502	0.20685142187127245	0.20371429429868027	0.19530131200509465	0.20506259864650742
0.1927639702033133	0.20836083908268394	0.2075567011993533	0.19205080022462362	0.1992676892900256
0.19071802170221167	0.20882909125523677	0.1988060618399812	0.19458404304047475	0.2070627821620954
0.19784506410695488	0.20168218798671808	0.20034226611101924	0.19274289085141788	0.20738759094388973
0.18856903031051936	0.211261018904373	0.19955569799084275	0.19541054925849732	0.20520370353576736
0.18898856041784598	0.21039508626798523	0.19814048388419742	0.19531827772644195	0.2071575917035292
0.19290509204813922	0.203150795472686	0.1973085874594395	0.19500713432305622	0.21162839069667885
0.19662250366133735	0.20511996978191124	0.19805045129541063	0.1963551502917187	0.20385192496962184
0.18854042943213778	0.21071838121108916	0.20517597980204383	0.18865472414772133	0.20691048540700768
0.19863840774404357	0.20435369624343025	0.19818859709919615	0.18958630770155535	0.20923299121177447
0.19284846397571573	0.20359606025131038	0.19868118988566458	0.19363430629958783	0.21123997958772125
0.18481608694463075	0.2077030437681675	0.2062386278460599	0.19138990588098065	0.20985233556016097
0.2027526121222018	0.2013880476216435	0.19573570077886454	0.1898139192133699	0.21030972026392003
0.18733331768370184	0.20475079398098137	0.20817997326138324	0.19598950961313924	0.20374640546079412
0.20015836108189858	0.21140957709131813	0.19545969559106152	0.18884122374233772	0.20413114249338382
0.19925189706753	0.20226782039874852	0.205569847417392	0.19071715231703354	0.2021932827992957
0.1888150227091317	0.20218372612575555	0.20371227434959827	0.1960289036108762	0.20926007320463808
0.19648299011822845	0.20220063804063598	0.20240709249514754	0.19409963867587568	0.20480964067011212
0.1871602256649735	0.2050671378171373	0.2073583835727447	0.19338320961759473	0.20703104332754954
0.19074891332464877	0.20924119335446428	0.19441186970898705	0.1931542284585019	0.2124437951533978
0.18569409428370232	0.20920003872976278	0.20807304272453236	0.19387431011137288	0.20315851415062944
0.18370292257636717	0.21061751117255814	0.20411730897406313	0.19185024842077697	0.20971200885623437
0.20230584253918346	0.20593500967164968	0.19602558730214295	0.19651139335249884	0.19922216713452484
0.19810373335018341	0.20535590292798261	0.19622358537324708	0.19069720690820774	0.20961957144037896
0.20102976330979175	0.19953263535517904	0.19383885948290203	0.19332779577908135	0.21227094607304559
0.19968665123605808	0.2082233932761949	0.19821004130310144	0.1907810129502522	0.20309890123439311
0.20146520445550026	0.20365733447823256	0.1999640019263442	0.19160201750362388	0.20331144163629888
0.20186594192733187	0.20279779936694595	0.19476653997232066	0.1933580515223971	0.20721166721100423
0.18942971062732716	0.20682573285711459	0.20529992551943882	0.19081567781620035	0.20762895317991886
0.18692003677359256	0.20129448010146989	0.20817713293333978	0.19312908282527066	0.21047926736632688
0.18645923507042195	0.2106273547885914	0.20506499492087857	0.18942365445020146	0.2084247607699064
0.19040161528733734	0.2107881926720427	0.20479008537546406	0.1956254874354154	0.19839461922974025
0.18745000981581092	0.21116257026309265	0.20872380386687703	0.19439822410215596	0.19826539195206327
0.20311015138711241	0.2001630733193523	0.20251096282372763	0.189687605568853	0.2045282069009544
0.20054757502748968	0.200023678429264	0.2065839136206141	0.18943341095119612	0.20341142197143589
0.1913787646955994	0.20354602835560032	0.208041440704844	0.1911146381640901	0.20591912807986598
0.1878693604908666	0.20696039793911983	0.20206212508098892	0.19067706849631724	0.21243104799270718
0.19521643246557405	0.20802460369696282	0.205552007416218	0.1894764470533318	0.2017305093679131
0.18964390211196344	0.20935815463069876	0.2084088695142124	0.18929319148764528	0.20329588225547993
0.1978900090753066	0.20641134203322675	0.20049911560361677	0.18938186444608826	0.2058176688417614
0.1894421704773851	0.2084630379171198	0.20270562143703613	0.19595261051946206	0.2034365596489967
0.2019977029121191	0.20016603874387173	0.19777807806608608	0.19622353875616627	0.20383464152175662
0.18911409159802067	0.21065428474156703	0.19600710046769323	0.19260704710989882	0.21161747608282003
0.19972375976081794	0.20686197094633982	0.19543135921991975	0.19659584729218726	0.201387062780735
0.19077608770745802	0.2002040704640212	0.20134546843601187	0.1957027702851729	0.2119716031073358
0.19113125931178024	0.20486592713285562	0.19766705354626352	0.19586723404675285	0.21046852596234752
0.20343499133869988	0.20353947593414012	0.19698739636585555	0.18901553846917962	0.20702259789212457
0.2017086860294131	0.20327836007274824	0.1962712798886541	0.19644345641498853	0.2022982175941958
0.2032162470323789	0.20238705593942574	0.19998258066691696	0.19444585868995212	0.19996825767132603
0.19306531942635902	0.2027335607256755	0.20063031697211392	0.19132774813577677	0.21224305474007454
0.1965428805784894	0.2017815691640987	0.2069681866093335	0.19459562699145155	0.2001117366566266
0.20213390591414815	0.20070910508605908	0.19329883824678665	0.19169350119717157	0.21216464955583433
0.18850867838684654	0.20036296277752524	0.20819428109969135	0.19038898110255734	0.21254509663337934
0.1911471229270232	0.20715492398380175	0.20927085690099476	0.18867144230581195	0.2037556538823681
0.20000334988390125	0.20307316812261245	0.19387404749444986	0.19196149571578705	0.21108793878324916
0.1870363655068132	0.2089448324394711	0.2063202997487101	0.19084202228194688	0.20685648002305848
0.18834678088033782	0.21014585782767042	0.207054330821595	0.1934045728756506	0.20104845759474593
0.20181182935405062	0.20207653276459261	0.1960905163043164	0.1947798546578595	0.20524126691918063
0.19478820893250837	0.20532965748733428	0.2031007353596479	0.19441336227229322	0.20236803594821604
0.197200661453825	0.20749457472529811	0.2039597357007859	0.18967606032972417	0.20166896779036658
0.18772479969397268	0.2055788938318013	0.20269121211585053	0.19287784359365343	0.21112725076472183
0.1997387667924501	0.20115509688608332	0.20079035085512595	0.1961732570718702	0.20214252839447025
0.18848582684105233	0.20543947256312417	0.20433945371171308	0.19466848390977168	0.20706676297433851
0.19580527654248361	0.20465233876187697	0.19872740566856734	0.19110446778754847	0.2097105112395234
0.19680996406092194	0.1996188337899043	0.201339910332745	0.19065931886042975	0.21157197295599878
0.18423250092799406	0.2055571392956654	0.20521934940508482	0.1940041397313918	0.21098687063986374
0.19875184803407875	0.20310674553611346	0.1943889110049454	0.1938721720246784	0.20988032340018375
0.18759390863491135	0.20365640350474146	0.20191074220654942	0.19571742702230266	0.21112151863149486
0.18606252583510963	0.20878398650389968	0.2072652294813716	0.19329061924960597	0.2045976389300129
0.2025514179387435	0.20509506120083865	0.20104743196756622	0.192929292550444	0.1983767963424074
0.19363726745438808	0.20827555823930508	0.1990871437260293	0.19021564408556962	0.20878438649470768
0.19776001971537194	0.20206227539004973	0.20946789462775983	0.1914126730188172	0.19929713724800105
0.1985680390089447	0.2022344624011031	0.19773074501527638	0.19600770146407745	0.20545905211059814
0.19225914355092424	0.20262435322669067	0.20512662872067733	0.1941064647544431	0.20588340974726443
0.1924213079622878	0.2064934862040577	0.19719592910762662	0.19297585418195182	0.21091342254407586
0.1925056072179651	0.20308261623471133	0.19859817270945607	0.19460264300468502	0.21121096083318225
0.18700664626122496	0.20981919943887933	0.20332954433367625	0.19435182816981533	0.20549278179640393
0.19774916997433328	0.20438164795791036	0.19970834888400468	0.19248193782055448	0.20567889536319697
0.19986740871297543	0.20184309113689367	0.2076869782132695	0.19037277063276087	0.20022975130410028
0.20116282943614666	0.20158669047488895	0.20064935340487858	0.18951959469177768	0.20708153199230792
0.19183108045213904	0.20077771367639666	0.2079926822608412	0.19189717401296474	0.20750134959765815
0.19152738925684082	0.20067800651356474	0.2070939290831582	0.19352043008607883	0.2071802450603572
0.19657000941903593	0.2010938079865209	0.20789723816320435	0.19578851810207534	0.19865042632916322
0.19433303488178252	0.20417670713680652	0.20078178424588666	0.19254182015611765	0.20816665357940642
0.20347212086972039	0.2064957911741475	0.20030438309047774	0.19121914609965263	0.19850855876600149
0.19680617969843733	0.2092977654853838	0.19820297022256012	0.1932650848955813	0.2024279996980372
0.19494401868232658	0.20302257289364695	0.2051637881155938	0.19103064346639628	0.20583897684203614
0.19121636061879793	0.20160054599018462	0.20773889528379982	0.18920088321809864	0.21024331488911877
0.19625431202223015	0.20926207963658477	0.2033493217372758	0.19164658879422558	0.1994876978096835
0.18889217453996607	0.21105375330773116	0.20787447625214422	0.1920647900926471	0.20011480580751123
0.19959172369789707	0.205859811695208	0.1947015800438553	0.19226537916956776	0.20758150539347164
0.20402169761697125	0.20439527621937714	0.19421897928862072	0.18935039268899667	0.208013654186034
0.19958468998982337	0.204078922235546	0.20731081984801245	0.18982394987141796	0.19920161805519998
0.19788254936776287	0.2113929539532524	0.19629196928547232	0.19171192037658608	0.2027206070169261
0.19954799763293146	0.21037950194783428	0.1952826587781141	0.1941410707445331	0.2006487708965868
0.18894054601616236	0.20963662871670227	0.1984552704589264	0.19502516143777682	0.2079423933704319
0.19722385882603125	0.20591134385130438	0.19599955464278326	0.19152213219620393	0.20934311048367696
0.19504720689286317	0.2105280389416196	0.19669855500459313	0.1904537768177018	0.20727242234322213
0.19283306136711217	0.20372258449458866	0.2024186112875538	0.19128707139537296	0.20973867145537217
0.1883327766713269	0.20589119985079501	0.1983420922284711	0.19593160863304135	0.21150232261636548
0.19602858398324044	0.2077269886853248	0.20429693780291341	0.18981885980185084	0.20212862972667028
0.1905809340818682	0.20409231846362455	0.20265669242559112	0.19027218919441244	0.21239786583450349
0.1921457357269694	0.20740009826169611	0.19964070222548685	0.1944751249195631	0.2063383388662843
0.18923705496073945	0.2041952270642071	0.20431635317646132	0.19086891157591154	0.2113824532226804
0.18451241162123644	0.20813222828723243	0.2063016118052726	0.19101127296412096	0.21004247532213735
0.20209287825448846	0.20912210317776306	0.19350379742508528	0.19454759211673553	0.20073362902592742
0.19611308937282615	0.20330726370570257	0.20511202463037223	0.19562506477410377	0.19984255751699506
0.18659303858458867	0.2046765135692978	0.203777341853247	0.19432368861460952	0.2106294173782568
0.1880172837907455	0.21117072122559058	0.20174598069814145	0.19611790204171697	0.2029481122438053
0.19346042521513807	0.20354820203982268	0.20141478494065254	0.19213921662226585	0.20943737118212064
0.19183043213721002	0.20580558765753967	0.20009640340300675	0.19017108889351048	0.21209648790873287
0.18335933753427253	0.20594661644847853	0.208107399669141	0.19336562523427442	0.2092210211138333
0.1983476005653967	0.20086703431293956	0.20791418781852133	0.19300400761300626	0.19986716969013593
0.20164814579717585	0.20179768914145896	0.20404650489997675	0.1929360471865868	0.19957161297480144
0.20222349330523018	0.2076961904518256	0.19534871338754026	0.1937821542099187	0.20094944864548503
0.20241890152154407	0.21043814476998499	0.1939987355871572	0.19082795153315776	0.2023162665881558
0.2015032270183964	0.2042813693771107	0.19673030867246777	0.18935886605319668	0.2081262288788282
0.19857204197980302	0.21046137580285398	0.1947555261792887	0.1922352870443086	0.20397576899374548
0.18385180673703974	0.2098913075375377	0.19793548320917542	0.19608739370944814	0.2122340088067988
0.2001637610428242	0.20869849061168141	0.1973053936409502	0.19276435565311284	0.20106799905143113
0.1883009013804911	0.20748886780727105	0.19880768320957376	0.19499129266338547	0.2104112549392784
0.19315854890921044	0.2049099031912877	0.20296084828226868	0.19430989560182346	0.20466080401540945
0.19360036145646317	0.20977360607383425	0.19960455697414883	0.19183770284573295	0.20518377264982057
0.20331392616919025	0.204649368178734	0.19882388472215573	0.19508862868601778	0.19812419224390201
0.19632722415752893	0.20204305977330153	0.1986380408698109	0.19364176637295769	0.20934990882640073
0.1980846588952524	0.2010484976132102	0.20309296812320607	0.19050742876252016	0.20726644660581095
0.19738962771091242	0.20123804951717872	0.1946182269013152	0.1952814985616316	0.21147259730896184
0.18837405250142278	0.20107290158656216	0.20417652460748015	0.19531384594040763	0.21106267536412707
0.19152222520404832	0.21051005289913055	0.2038770006249108	0.1939433248975237	0.20014739637438642
0.19933804512229034	0.20624727555678338	0.200868281300667	0.18869930546898517	0.20484709255127392
0.20322612926623412	0.20249733260671846	0.19811602844239717	0.19404964666676325	0.20211086301788678
0.18977919097346838	0.2032364703972751	0.2067395571453114	0.19580498449292963	0.20443979699101528
0.2034244203465124	0.20621950409523537	0.19584209693858712	0.1947785851839279	0.19973539343573699
0.20348291893732248	0.20165255583962885	0.19904849557597576	0.1948208904365435	0.20099513921052917
0.19892814397782413	0.2033472027333338	0.20574076386372395	0.19291947291749093	0.199064416507627
0.19220636613499367	0.20311199120874765	0.19976347656797092	0.1965893324294385	0.20832883365884908
0.18834406381539393	0.2102204609783313	0.19858286447153645	0.19650242727691913	0.206350183457819
0.199361298984802	0.20514951239076604	0.1984842816588137	0.19220560687366994	0.20479930009194808
0.19970863636189737	0.20455211096969764	0.2035910896267256	0.19317166733016986	0.19897649571150933
0.19029513668930143	0.20744390680556732	0.1979555995901369	0.1961411946293046	0.20816416228568954
0.19653316033399187	0.211565838940984	0.19316047692695315	0.19455457371895798	0.20418595007911275
0.18787927764797954	0.19964495331390825	0.20838987799300107	0.19316823598529043	0.21091765505982052
0.20102262532436674	0.20440780541791154	0.19833071617948048	0.19469952039411687	0.20153933268412413
0.18548314300953744	0.21108774570702543	0.2034175225194908	0.19109213054606086	0.20891945821788524
0.19309793017903884	0.20963459820059033	0.19595430990445384	0.19441257163814593	0.20690059007777087
0.19526615820999504	0.20326229953890051	0.2008676557001914	0.18868650560430786	0.21191738094660495
0.18769830611370292	0.21139823490031254	0.20003504476993775	0.188979322663373	0.21188909155267358
0.19227955627031548	0.2021439079067599	0.20766174657542616	0.19638059070073138	0.20153419854676682
0.19471491648365344	0.20216921193609108	0.2037245410180278	0.1959495803968836	0.20344175016534388
0.2008789385467782	0.20805773684329995	0.1965419311962052	0.18919385536409594	0.2053275380496205
0.2011181016706936	0.20319238431963357	0.20665234028022067	0.19000345095547713	0.1990337227739748
0.1924857763932833	0.19971597462313456	0.20517844746762665	0.1902040033285816	0.2124157981873737
0.19121930249622732	0.20612935148261172	0.20852192010739332	0.19235170824850104	0.2017777176652664
0.18948782934944297	0.20754941903502108	0.20771085200428438	0.19519320848491076	0.2000586911263406
0.1900961415853155	0.21129012596937766	0.19974453651130997	0.19561594631924623	0.20325324961475047
0.1970782456788148	0.20846530866117619	0.196223175323157	0.1903469539819902	0.20788631635486163
0.19159320817912762	0.20647627328093107	0.20371335264465937	0.1951481632155751	0.2030690026797066
0.184973563020537	0.20752980572920565	0.20558007636328327	0.1914778294364949	0.21043872545047893
0.19188059136165214	0.20429417972719283	0.20300894810802297	0.19307708566539553	0.2077391951377363
0.18620005492211425	0.20902480448031313	0.20444053713497018	0.18941426552939086	0.21092033793321135
0.19562874917685621	0.21051278809235785	0.19793262191501457	0.19594675386449006	0.1999790869512811
0.20167176085226646	0.19975254325573263	0.1992279617200363	0.1908269465624298	0.20852078760953457
0.1959673996966292	0.20665974751221428	0.20664399093572117	0.1897578523582106	0.2009710094972245
0.20266249524620977	0.20180745310799134	0.2015158520902065	0.19303119846121847	0.2009830010943737
0.18917161421516152	0.20912037496428315	0.204951346567602	0.19214238330197628	0.20461428095097683
0.1944447569422916	0.2046672815603251	0.20595764621560192	0.19315321459337167	0.20177710068840946
0.1952497545783191	0.2026429941457559	0.1969833140944248	0.19313283544062615	0.2119911017408738
0.19318576783469846	0.21086776059629042	0.19714382448929427	0.19348657046387172	0.20531607661584492
0.19195943736748955	0.19965703701821316	0.20817707701879284	0.18960784148160537	0.21059860711389886
0.1855999958477149	0.20380537884200517	0.20618037937698558	0.19315170692801348	0.21126253900528064
0.20366532223808234	0.20527530573509914	0.19998495277775322	0.1912855744386203	0.19978884481044476
0.19665218052712696	0.20078443202423168	0.20862176075197428	0.18988315780171047	0.20405846889495638
0.18834772499737482	0.20567474201731312	0.20336355959774732	0.19087351820292373	0.21174045518464085
0.19653338160422146	0.21048292183352987	0.19597464726248473	0.1930462292909776	0.2039628200087861
0.19110706445502598	0.2053997435141847	0.2083751315625429	0.19145085235663464	0.20366720811161157
0.19879102719804415	0.2019123424713885	0.20793647955171593	0.1916728075425925	0.19968734323625872
0.19388697762776083	0.21054988779150502	0.20256794336429823	0.1897498619961593	0.20324532922027638
0.18405113704015902	0.21079494090065173	0.2057452455688698	0.19253631098550167	0.20687236550481752
0.19252501136839184	0.2055847591264339	0.19970036488144924	0.1950385723176841	0.2071512923060407
0.1957116115690463	0.21140835471005265	0.1982129325233988	0.19113037007970884	0.2035367311177932
0.19452347784776178	0.2088352250814297	0.19969012134864356	0.19212451103038147	0.2048266646917833
0.19674661700104953	0.20362944524223595	0.19605583970693585	0.1955164815812704	0.20805161646850803
0.19058909468933694	0.20870152502599507	0.20638960976915907	0.19212887700463568	0.20219089351087305
0.1844328051007435	0.2029801875786964	0.20640746478339642	0.19504691532816315	0.2111326272090003
0.2017508937849138	0.1998164406113207	0.20625329521133454	0.19074290412678285	0.2014364662656479
0.1937239073089902	0.21070870436608422	0.2033819115482758	0.19406053435346243	0.19812494242318712
0.19951542679596349	0.20521780903123651	0.19555596910006856	0.1922542019177139	0.20745659315501735
0.20359725882790028	0.20548950418976986	0.20278650314685118	0.18939750300820685	0.1987292308272716
0.18932212672830181	0.2088229684098702	0.19865450298496867	0.19206599413745465	0.21113440773940448
0.1877802232276714	0.20664278031931604	0.20819146185731932	0.1921128739059981	0.20527266068969488
0.19967060365478695	0.20188208807572997	0.20840143945478973	0.19089159880214532	0.1991542700125478
0.19341656513414324	0.2064172662415334	0.19519425728195894	0.19439347547095773	0.21057843587140648
0.19884830433253478	0.2041822582691667	0.20419858453492395	0.1916695926666731	0.20110126019670124
0.18504343762260472	0.21115766943894249	0.20462553208760467	0.19553112473660747	0.20364223611424045
0.19768873543006754	0.20305308284845094	0.20532562983950903	0.1958374192126872	0.19809513266928505
0.19782773496132625	0.20619664137270147	0.1997479477373934	0.19438327889948878	0.20184439702908985
0.20129730091457393	0.2099503329656673	0.19845741956912172	0.19122753852584437	0.19906740802479247
0.18933628159304414	0.20202221070964874	0.20682842102047663	0.19332267934466651	0.20849040733216379
0.19879936386408498	0.20165893070579977	0.19704809589344344	0.1901841165577348	0.2123094929789368
0.1887772959952068	0.21113538589473474	0.2035867146935251	0.19219108446415015	0.204309518952383
0.1978889010895142	0.20997183616153672	0.1958399214999237	0.19560823434464902	0.2006911069043761
0.19380560641460218	0.20998667772743324	0.20388141081314662	0.1905561137689137	0.20177019127590406
0.18636172290007857	0.2090680205754193	0.2030289926601198	0.18982215327591317	0.2117191105884689
0.19736700262263399	0.21114464337233452	0.19356245633408772	0.1931192400342586	0.20480665763668493
0.19628220395160312	0.20383050075174444	0.20685817622225486	0.19253395528371228	0.2004951637906851
0.18447249848102176	0.20089769913598535	0.20681942834298822	0.19626456590101207	0.21154580813899238
0.2030167607951382	0.2034834879105085	0.20160696964449792	0.192362553016934	0.1995302286329212
0.19069490652808435	0.20610702985560783	0.2041235812871814	0.19627911426688957	0.20279536806223666
0.1856437345684229	0.20393923024681496	0.20576880337213937	0.1947049388386407	0.20994329297398187
0.1953042515868881	0.20577637532840024	0.2054437720532501	0.19053506599904393	0.2029405350324174
0.1972656725359402	0.20037395235738295	0.20660459882234852	0.1902110981262971	0.20554467815803099
0.19576064026961543	0.2054042446406923	0.20794574515556125	0.18998581980305243	0.20090355013107838
0.20220086632538714	0.2032138116484897	0.2024758619461925	0.19111037330020886	0.20099908677972161
0.1995122292025194	0.20396638931636404	0.20134935668884207	0.19068012483913455	0.2044918999531397
0.2027369130185263	0.20274345319803666	0.20022891796923228	0.19100839631544708	0.20328231949875744
0.1950769221532275	0.20640691515658482	0.1981670321504622	0.1925852981606913	0.20776383237903395
0.19339862474249955	0.20745085370658092	0.19716628817440812	0.19077629836180512	0.21120793501470606
0.1856098802733562	0.2096037842928143	0.20720741482621685	0.19302623758953782	0.2045526830180746
0.19204466747348947	0.21113633247085534	0.2050605151462621	0.1922218904504824	0.19953659445891042
0.203784699219831	0.20879823100003003	0.19294555537472557	0.19593992489168716	0.19853158951372604
0.19239489000758056	0.20949263808523655	0.19595591465292783	0.19241687866660334	0.2097396785876515
0.19025443747072782	0.20944810169966155	0.19976610632261532	0.1887039250967058	0.2118274294102893
0.1879462304675435	0.2085894565516434	0.20212974949788792	0.18893115954086764	0.2124034039420573
0.1954865515405295	0.20105652113927103	0.19582203830791658	0.19562254598916357	0.2120123430231191
0.18466016590364312	0.21011725248519394	0.20047042435250378	0.19655672937839097	0.20819542788026796
0.1933269740774242	0.2085227246163033	0.19785704084792713	0.19551232060874635	0.20478093984959883
0.18775728730620106	0.20431277315337937	0.20787440763638412	0.19180668698524792	0.20824884491878734
0.19679571760022432	0.20151830535366042	0.20230748319280698	0.19185240576798074	0.2075260880853273
0.19826847262680847	0.20235740073091676	0.19981758537606698	0.19477038743135963	0.20478615383484794
0.18495725869016955	0.21151578964620207	0.20717185378882239	0.18994644219986823	0.20640865567493755
0.19301151601225794	0.20095666329542267	0.20675577949290047	0.19242748703514562	0.2068485541642731
0.18672109332069634	0.20599722795108721	0.20552771368677492	0.19354937609900116	0.20820458894244015
0.19236530882106762	0.2043323065180122	0.2002267618645621	0.1929520196143678	0.21012360318199003
0.19523257267472863	0.2074454653509299	0.20333739672061144	0.1936967400890579	0.20028782516467195
0.1906046614924589	0.20126847597566133	0.20275456171441714	0.1949183292691745	0.21045397154828793
0.18910533787542189	0.20343548277345808	0.2077152229481881	0.195690432842081	0.2040535235608507
0.18795200260230208	0.21133387013744415	0.19754679525391036	0.19495985350666792	0.20820747849967525
0.20160278612654994	0.20131554665058607	0.1939129390815252	0.19390354236298227	0.20926518577835632
0.1865694941606633	0.21088357454649556	0.19675084830420878	0.19586663081897093	0.20992945216966122
0.1893338824819974	0.21061999377685778	0.19439078679776567	0.19501204469680575	0.21064329224657322
0.1876799816194815	0.2100341669109055	0.2052806326872396	0.1922279571288492	0.204777261653524
0.19020713175808465	0.20813185866684955	0.20927755879297347	0.19023326521345393	0.2021501855686382
0.1872234932684473	0.2029418147608279	0.20735623882443585	0.19446833546874495	0.20801011767754377
0.19904755836541568	0.20111159334792142	0.2085044325101549	0.19091819450994388	0.2004182212665639
0.18373260328112487	0.20368770448601647	0.2077632322820705	0.1931978199626156	0.21161863998817237
0.19070727965360923	0.2083079393625535	0.1988665840807227	0.1935038711710805	0.20861432573203384
0.18522439169009886	0.2094143127023783	0.19876179052518633	0.1964344802953305	0.21016502478700583
0.19758109995557271	0.20821896592797845	0.20186215721256268	0.19055268413485765	0.20178509276902828
0.2035155981151029	0.19962014989278032	0.2074675038398176	0.1906640099592679	0.19873273819303106
0.19291699533327414	0.2046550688644177	0.20119793351367132	0.1910618974433373	0.21016810484529935
0.20290433470136543	0.20256654537455784	0.2051587576928774	0.1886804934286776	0.2006898688025215
0.1872925964793409	0.2067720850792858	0.20243178299676287	0.1919912189916686	0.2115123164529416
0.19748302519507677	0.20360440875647856	0.2034806514560995	0.19410673989632646	0.20132517469601852
0.2028324226330942	0.21020187179969194	0.19328101944898587	0.19464371151370974	0.19904097460451806
0.19912339175375204	0.20334668606063727	0.20066844096616124	0.1953640150152192	0.20149746620423004
0.20139379222781773	0.19984772200712825	0.20183989793403423	0.19370503705838796	0.2032135507726316
0.19932714854343264	0.20358512263965484	0.20575364389298503	0.19246303602118509	0.19887104890274215
0.19867495429140117	0.2019629729760994	0.2063365663451539	0.19098067833722024	0.20204482805012508
0.19565197228300596	0.2080727940577691	0.2021216934092749	0.19456636139376704	0.19958717885618277
0.19992701807716634	0.20507418111739978	0.19434659433134555	0.194379635229861	0.20627257124422713
0.19781852972723454	0.20580429886546833	0.20267927105086428	0.19325644165172606	0.2004414587047066
0.196863871129517	0.20226785545493836	0.19907137565456817	0.19033578500890286	0.21146111275207338
0.19850329363548186	0.207349332882591	0.19992625952737855	0.19051782729668548	0.2037032866578629
0.19547935613856832	0.2038999653840221	0.20097295798119785	0.19071935274660545	0.20892836774960605
0.1878377464634601	0.2005831899321781	0.20939775134716226	0.19609042964612938	0.20609088261106995
0.19120760003663678	0.20718224512363018	0.20305577788084267	0.1962056768073284	0.20234870015156173
0.19252691505216735	0.2071333815557737	0.20700985739576838	0.1945950236955523	0.19873482230073805
0.19478787279514045	0.20910800409712707	0.20086229838438785	0.19012982814139556	0.20511199658194884
0.2018233997871699	0.20424235797178256	0.2031041103989991	0.19105902552359788	0.19977110631845035
0.18934713526387115	0.2060850204408204	0.20945061168493162	0.18951036880957503	0.20560686380080162
0.18449296654073447	0.21088087554542753	0.2013377242322	0.19508969640247395	0.20819873727916385
0.18436632687343854	0.21006873387405914	0.20261272494828708	0.1954439748732118	0.20750823943100324
0.18954117408236537	0.20696992459744773	0.20666025860363732	0.19171438737139437	0.20511425534515496
0.1989596225059613	0.20235315266350648	0.20198126506295774	0.19182599367548286	0.20487996609209136
0.18809763241215977	0.2035661905745892	0.2093404395344059	0.19462289997074184	0.20437283750810312
0.20022190990363475	0.20122041604637217	0.2040485310033328	0.19431610618765086	0.20019303685900922
0.19867666928616345	0.20913633287588812	0.19716613297913074	0.18902017787481834	0.20600068698399912
0.19724211342169587	0.19987834586508527	0.20658339817478766	0.19095018506768302	0.20534595747074796
0.2026562347619164	0.20014369678009666	0.19795723936326914	0.1933927855497926	0.20585004354492498
0.2001967801179427	0.20396718598954622	0.19771247835650532	0.19180348629045793	0.20632006924554758
0.18831865838947848	0.21051499669680893	0.2055768848304522	0.18874713296137113	0.20684232712188907
0.19698437021770507	0.2055220174830575	0.2024640160577607	0.19316075160942123	0.20186884463205526
0.19508108107271893	0.20865119281020533	0.2015769844278826	0.19271986132200056	0.20197088036719235
0.2021636218152103	0.20154758839077141	0.20007316734800182	0.19350396862653793	0.2027116538194783
0.20222874239982064	0.20019696423339065	0.20700991925568143	0.19239000481200919	0.19817436929909787
0.19585653888386434	0.20089122418100014	0.20343387087248907	0.19400322667268316	0.20581513938996307
0.20227568359888143	0.20632239149361004	0.19485029575026722	0.19530061855285558	0.20125101060438552
0.19319502050232415	0.20379991322867477	0.20183602904287226	0.18933417384462145	0.21183486338150717
0.19958021878716306	0.20993352265705242	0.1985654465037176	0.19027542836528616	0.20164538368678053
0.19443220586843984	0.20480904114300752	0.20171089108126747	0.18912863839150978	0.20991922351577516
0.19818555235421265	0.2062357199594906	0.19427914031721524	0.18932228403178972	0.21197730333729156
0.1879663708662017	0.20492550966253373	0.20539326256471704	0.19234130883063025	0.20937354807591704
0.201063343006589	0.2064831097970606	0.19414408688274717	0.19308795459373476	0.20522150571986825
0.19057285123199727	0.199793163368958	0.20779021106748974	0.1963631945746497	0.20548057975690506
0.18421971298558934	0.21138913347868313	0.19793223428490891	0.19388436570159545	0.21257455354922294
0.19371453723012008	0.2007316507315044	0.204184802300035	0.19583479849169094	0.20553421124664936
0.18618013572110054	0.21046606197306	0.20016532838994264	0.19321530516619445	0.20997316874970218
0.20130523162520353	0.20603511675788908	0.20150477395840405	0.19306528473075366	0.1980895929277495
0.1913829540034943	0.2072615089341052	0.20435357878118668	0.19475878511317138	0.20224317316804225
0.19613506357332366	0.2087444896292996	0.1967566343379565	0.19032534458356307	0.20803846787585695
0.18893445093597672	0.20621317195561148	0.1971847455550962	0.19538087835397375	0.21228675319934162
0.19514724692868335	0.2115145347140172	0.19622353229879463	0.18992874791991024	0.20718593813859437
0.20229670674952974	0.20268336620130187	0.19881310978523717	0.19381302055760075	0.20239379670633026
0.20149071284463047	0.20965534904936103	0.1934559075232733	0.19410744710168812	0.2012905834810469
0.19613393915016733	0.20329419344155766	0.20158663236329943	0.19058382751895536	0.20840140752601996
0.1845417557513681	0.2114688889845102	0.2021687063273969	0.19326703540245888	0.2085536135342657
0.19600273031261267	0.20297843866338106	0.20159677874342977	0.1886637981869988	0.21075825409357746
0.18563250083291752	0.21101238504506714	0.19807642668264283	0.19432421857998086	0.21095446885939145
0.18599521196200303	0.20929697550506443	0.20216843853685224	0.1936254205802258	0.20891395341585428
0.19048834839201126	0.20366975646404864	0.2006765927365946	0.19264046908504034	0.21252483332230493
0.18446319014513105	0.2062915765591434	0.20565187837664392	0.19549922769800035	0.2080941272210811
0.19143322820975728	0.19977618873644473	0.20793447186897962	0.1906467587353596	0.21020935244945854
0.19695293105823608	0.20021297047320064	0.20746600073319224	0.18995067018107542	0.2054174275542954
0.19404777753806482	0.2097218641880422	0.20226434363495768	0.1915061618436127	0.20245985279532236
0.20003612949813976	0.20773893685594058	0.20277464148904062	0.18997569417136176	0.19947459798551706
0.196751679191227	0.20317114532907535	0.19929757969914866	0.19632050713712795	0.20445908864342083
0.18948964912341065	0.20240128155151402	0.20500522969163573	0.19657515298931744	0.2065286866441219
0.19331546976673283	0.20815341666245507	0.2005839260363248	0.18969148093341356	0.2082557066010735
0.18961363907817008	0.20236586369921905	0.20659194881006732	0.1905344234050366	0.21089412500750673
0.19123712789357328	0.2063981924056956	0.19436128158948987	0.19528018982169001	0.21272320828955102
0.1959636773565196	0.20894500230190033	0.19820454748317007	0.1944348129813985	0.20245195987701128
0.19964990557279055	0.20100067867623467	0.19650806578913832	0.19109740974444023	0.211743940217396
0.18970122631023803	0.20988882454931618	0.20010066887598135	0.18956795833911297	0.21074132192535125
0.20016064797010102	0.2028245105300126	0.2031476801074837	0.1921349408294455	0.20173222056295698
0.19440803439825582	0.20922603259583122	0.19594615839477636	0.19077604938268553	0.20964372522845084
0.19456496157190967	0.20100126515601352	0.1977921984992123	0.19572069121436772	0.21092088355849656
0.19710821459970823	0.20662450839547655	0.19613997454296056	0.19051690090456858	0.20961040155728586
0.20292796911133051	0.20546631695467815	0.19453662709122913	0.19422056868644344	0.20284851815631855
0.18752879639941863	0.20886914846084875	0.20263970127342232	0.19167356565190122	0.20928878821440888
0.19559808412201926	0.20964062459148308	0.20089849278156477	0.1893542376725729	0.20450856083235974
0.20063422479789994	0.20320476425874184	0.20566643770764567	0.19028186352632054	0.20021270970939176
0.18962585446383298	0.20469247199728757	0.1981320394383413	0.196338529869249	0.211211104231289
0.19994112179358414	0.20822163384426498	0.19657751326802556	0.19210575872673916	0.20315397236738594
0.19284241132743254	0.21117329631775486	0.20321892207396766	0.1908670129422175	0.2018983573386272
0.19854982594087628	0.20256364301596658	0.19589792291096741	0.19285596005439612	0.21013264807779336
0.19462743472304078	0.20907916873500051	0.19580736083849481	0.19271603482704666	0.207770000876417
0.18589147609157639	0.20199335262640464	0.20700120440213948	0.19274739620601952	0.21236657067385975
0.19631414039430556	0.2001919034468062	0.2077602941238368	0.19604526121088078	0.19968840082417044
0.19096837349239854	0.2061853260325254	0.19998954477008432	0.19425093584956526	0.20860581985542626
0.19531515787489834	0.20919798119404354	0.20302152960207584	0.1926435557290128	0.19982177559996928
0.19375735523310417	0.20344308578477274	0.1985016183723165	0.19187700445426842	0.21242093615553795
0.1988007245228693	0.20814666817723998	0.19444895058745243	0.19080584369096126	0.20779781302147685
0.18446886544054364	0.21141623311891286	0.20653720504637446	0.18941661925451542	0.2081610771396534
0.19264507164768976	0.20490953348251142	0.1940674512389342	0.19625892450059046	0.21211901913027395
0.20293775028372923	0.20052056299042365	0.19476634202670162	0.19427080017492537	0.20750454452421996
0.1942579818362746	0.20789270439829022	0.19785525407433274	0.19554481829429216	0.20444924139681006
0.200242979594321	0.2064258884613352	0.1976753892738034	0.19643217479626457	0.19922356787427561
0.19945320751066925	0.2110170426822618	0.19600465350351276	0.19330636793723074	0.20021872836632526
0.20091903502234906	0.20467819911235197	0.197028924890573	0.19075593883021005	0.2066179021445157
0.18966159526323034	0.20416336191953513	0.2058294077400666	0.19514388061276114	0.20520175446440655
0.1909901953421247	0.20600303282483798	0.20754717706793033	0.19259229071514508	0.2028673040499617
0.19017842774827204	0.20712035633089515	0.20824908467190256	0.1936723812591037	0.20077974998982634
0.19232168401620003	0.20073716335527353	0.20202847372634028	0.19426956304717963	0.21064311585500634
0.19521035658018848	0.20401445518628877	0.20726430103315585	0.19468239906168638	0.19882848813868026
0.19148686245104318	0.2085174421090202	0.20678973269149237	0.19104922184734405	0.20215674090109995
0.19753098580067135	0.20311226849023023	0.203722618301463	0.19640330571520362	0.1992308216924316
0.2018483526283973	0.20269483057675036	0.19831429024819325	0.1924077693486359	0.20473475719802298
0.18341962994417427	0.20854665679185083	0.20774972906832084	0.1903603144610979	0.2099236697345559
0.19038206469963495	0.2109581553085396	0.1957807306188712	0.1959659443343182	0.20691310503863586
0.18881801799246387	0.2042581456006778	0.20627416964950193	0.19001356739866346	0.21063609935869274
0.1925901910024259	0.2092674102766599	0.20844861913843915	0.190441238228627	0.19925254135384782
0.1918268822679429	0.2048407589286396	0.2069381007773578	0.19463149997944673	0.20176275804661276
0.1867361009314746	0.20845661845022728	0.20741800405135258	0.1896811178691123	0.20770815869783305
0.19904233414696726	0.20237986793775736	0.20626410420643665	0.1891788703213547	0.2031348233874838
0.20011622584392752	0.20042204502051014	0.1932914417562504	0.1942196337026764	0.2119506536766353
0.19611972777782996	0.20857085909700487	0.20017729717238278	0.19401791718561695	0.20111419876716524
0.19496301297609467	0.20110012367407068	0.20695717319702772	0.19119869249743826	0.20578099765536847
0.18825866615069806	0.2019524799806891	0.20902059518033034	0.19489448347044452	0.20587377521783776
0.19608533077878465	0.2094488637048241	0.19585605670246742	0.19372000116765367	0.20488974764626994
0.1939506866823158	0.20871753940731083	0.2003171468878044	0.18910304038022155	0.2079115866423472
0.192958975000621	0.20708725293323807	0.19503251756150075	0.19569426139834728	0.20922699310629267
0.19657153568983246	0.20580807145137417	0.1930854674864738	0.19469451048862607	0.20984041488369332
0.19040408032805667	0.20632083213977018	0.20837578059204429	0.1947595057321357	0.20013980120799293
0.18754230756904736	0.20289228174993287	0.20742029466251094	0.1907694271709029	0.2113756888476057
0.20054553109167692	0.20590391160925747	0.20103905692109936	0.19154128556063046	0.20097021481733557
0.1985357950357339	0.2065617123347689	0.2031595971557571	0.19265891067181767	0.19908398480192221
0.19655466753513492	0.2035250312993371	0.19785155740981406	0.19001342425838164	0.21205531949733206
0.18332245826911872	0.20956652515456767	0.2085729853109668	0.19083235121705217	0.20770568004829443
0.18840805023638305	0.20824187857822204	0.20890322296678654	0.19539564953893215	0.199051198679676
0.1911517156127834	0.21146066276994832	0.20758112172394735	0.1886049007003427	0.201201599192978
0.1891944685736354	0.2111932044751172	0.19406486749815482	0.1949680430647262	0.21057941638836614
0.19419140068399068	0.2076190317602182	0.19569814601964086	0.1964558447127581	0.20603557682339196
0.18828075142723297	0.2072673184375156	0.19859923463653456	0.19347648616603297	0.2123762093326837
0.19646881257134516	0.20326182439960183	0.19652888662630594	0.19187515581373402	0.2118653205890128
0.19054542888570655	0.20708406028874696	0.1967973242796116	0.19477773379655566	0.21079545274937897
0.19387460080656163	0.2045723110756032	0.20797881740367036	0.19150958875757584	0.20206468195658872
0.189681233138237	0.20459563848242207	0.20615975009416757	0.1887704403250213	0.21079293796015183
0.20037294945941314	0.2021956403071791	0.2003129622856675	0.18889960906250866	0.20821883888523135
0.19560444152667247	0.2100551655287568	0.19340121075390054	0.1938608730310308	0.20707830915963915
0.19706941340479922	0.2034555512054605	0.20003825249662094	0.19490707176005406	0.20452971113306506
0.18753349958923668	0.2019256123106111	0.20915970140164622	0.19458724913123585	0.20679393756726996
0.19779993348854566	0.20633519034863929	0.19656137444333746	0.19573397849677063	0.20356952322270674
0.19906299057700808	0.20428271539324813	0.1957059711654701	0.19444409867627807	0.2065042241879954
0.19328953312709146	0.20788580754233785	0.19464016671738035	0.19285789952042706	0.21132659309276305
0.19170912183227942	0.2050673482377839	0.20249990926247904	0.19480454249847395	0.2059190781689835
0.2006937725398704	0.20755926486338983	0.19377033186645956	0.1917597160932102	0.20621691463706981
0.19766757139854194	0.2036954888264212	0.1991889715011654	0.19488434262452045	0.2045636256493508
0.19033860541619257	0.20417931075350806	0.2049757182172812	0.1960430118111936	0.20446335380182432
0.19112338297355866	0.19966503565365074	0.20889497809677784	0.19653180408161747	0.2037847991943951
0.19669747508282387	0.20341508320102034	0.2026128232173512	0.1952887901400486	0.20198582835875575
0.19683911190086809	0.21119417656845244	0.19910699681861926	0.19035087482006474	0.20250883989199522
0.19002132077305614	0.20817980319721122	0.20840772794592954	0.18863607633114896	0.20475507175265392
0.18760548362327412	0.20447442982849814	0.2065399213197336	0.19559662191225102	0.2057835433162429
0.19473051862864976	0.20855274752292752	0.19886037597203737	0.19028764074516974	0.20756871713121539
0.19711131553469075	0.2012662287797211	0.1940336730447505	0.19620060493979619	0.21138817770104124
0.19365215241691322	0.21032480492375755	0.19317537025307027	0.19376828657500564	0.20907938583125307
0.19591008759704664	0.20487473768736186	0.19852988468023444	0.19292246788998332	0.2077628221453735
0.19651945489966566	0.2020011335428545	0.20207362747191512	0.19585777851046715	0.20354800557509733
0.19553384952991204	0.20129682590342773	0.200529399594863	0.1922543611125684	0.21038556385922857
0.19103248161417363	0.20240959060196628	0.20263906267478882	0.19227444901485705	0.211644416094214
0.20401073889325735	0.20928385371430963	0.1962745303610818	0.18979603446146953	0.20063484256988146
0.1922406713976578	0.20173965774564562	0.20667013844833346	0.19293222965574594	0.20641730275261697
0.19796233987965475	0.20079361428902442	0.20229602950465211	0.19217456119780116	0.2067734551288673
0.19428468035201696	0.20701343495608848	0.2045601516132525	0.19327285813182987	0.20086887494681194
0.19441432005169573	0.20134208986459484	0.19910895745550478	0.1935643491742747	0.2115702834539297
0.19930523958319812	0.20224560631555394	0.20331402870722462	0.19108564188465807	0.204049483509365
0.19206399816341851	0.20640408074144553	0.20736528823665779	0.19220717929785877	0.20195945356061915
0.18597785392557753	0.2015124099526135	0.20857709299597982	0.19267717835913442	0.21125546476669452
0.19925396170561036	0.20135293582165195	0.19582536962218855	0.1923053024299388	0.21126243042061013
0.20333118282866727	0.20624826523583814	0.19877736125493223	0.19096361180117172	0.20067957887939042
0.19332856703302348	0.20219124948926723	0.20832692110474665	0.18896904582177126	0.20718421655119115
0.19458972209150718	0.20900515440942724	0.2023027672757346	0.19223798901697015	0.20186436720636064
0.19814012756705732	0.2000005764849371	0.20488995855702063	0.19206589427193624	0.2049034431190485
0.20237131157739083	0.20173668850330861	0.19897461787841475	0.1918648862384279	0.20505249580245768
0.1943449323474955	0.20516338201405238	0.19746036832340066	0.19462975608370053	0.2084015612313507
0.19999120117587882	0.20295150239378973	0.2040853157819034	0.19083261756345332	0.20213936308497452
0.1982068991694754	0.20135634149468223	0.19704106930083493	0.19580276360280202	0.2075929264322052
0.1913798293627516	0.2080728245910347	0.20895360003125232	0.18938577124138997	0.20220797477357116
0.19680727212025492	0.20234153729497664	0.2094555424451933	0.19134899885201054	0.20004664928756438
0.19724032715667533	0.20605513837476577	0.2031802173219141	0.19058115509474124	0.20294316205190333
0.20069145080697023	0.2072539895528533	0.1986283145594851	0.189937752476594	0.20348849260409715
0.20034496432625898	0.2040888400674921	0.1987947846116007	0.19564816502663737	0.20112324596801065
0.2002518717008366	0.20735661440745645	0.20370868393751745	0.19006682083178067	0.19861600912240857
0.19262781116562724	0.20798993161677998	0.19579279448964912	0.195166787460275	0.20842267526766844
0.19954144295209272	0.2088856376996864	0.19855915324514542	0.1913782818977148	0.2016354842053604
0.1887624788138497	0.20103297943714885	0.20922976817547403	0.19134218268390274	0.2096325908896245
0.1946331545625547	0.20261916685809558	0.1947978887186559	0.1963320735299295	0.2116177163307641
0.20034206413012481	0.20635303977668373	0.19617050127712213	0.19320687564646874	0.20392751916960034
0.20030632232165724	0.20705350121595456	0.19751540902205283	0.19208493834945528	0.20303982909087986
0.19951649862992324	0.2114716604476083	0.1948716450619148	0.19215868890592105	0.2019815069546324
0.20179888330595352	0.20535326367490622	0.19611205912108995	0.19177581299903765	0.2049599808990124
0.1897843184905776	0.21122342108088438	0.202570334287752	0.1887274154972666	0.2076945106435192
0.1859669827677459	0.20885797366331751	0.20580714541103354	0.19450309903377333	0.20486479912412947
0.20080319578800931	0.20957599096391125	0.19653072592973797	0.19040886194918913	0.2026812253691521
0.1969894084892465	0.20781483279407395	0.2051776430178289	0.19040601781244854	0.19961209788640188
0.20080705303395022	0.20719504650928974	0.201558743542521	0.19091419368529877	0.19952496322894006
0.19320811007627617	0.20572110022798934	0.2084399077624434	0.19347705303292947	0.19915382890036143
0.19255987302280295	0.20232380362965766	0.2092767505246989	0.19004275658820807	0.2057968162346322
0.20296642760610534	0.20087175758077586	0.20246995310171917	0.19195592800837424	0.20173593370302514
0.19639291547424276	0.202476129297666	0.19629329872022222	0.19660668127943398	0.2082309752284348
0.19983120405492158	0.2037316922144058	0.1944525030438582	0.19040130816107043	0.2115832925257438
0.19984840782206412	0.21010493587484652	0.1986823275007254	0.18966520849223314	0.2016991203101306
0.18997032223580626	0.2024268756526024	0.20280331965403167	0.19263031718478849	0.21216916527277097
0.1961360817867472	0.20141071606833388	0.20777714550552664	0.1920671869509815	0.20260886968841058
0.18702561869513415	0.2018632467563042	0.2082998883801531	0.19612252902843552	0.20668871713997283
0.18842228841922395	0.21133961640933263	0.20155636998174065	0.19116549868680519	0.20751622650289736
0.1907029578687614	0.20393657053044215	0.20761506034574087	0.19040115064864366	0.2073442606064117
0.2026604556236814	0.20648109127219016	0.19506533654548402	0.19266309273388682	0.20313002382475734
0.198480849164471	0.20014661799474362	0.1977344440341809	0.19139012453534962	0.21224796427125464
0.19848816806884478	0.20046610390637143	0.20610728260769678	0.1950886569247406	0.19984978849234622
0.19171010834343327	0.20554801201454825	0.20803910132181172	0.19393543709465327	0.20076734122555326
0.20152814569241065	0.20178031535671845	0.19417690521848777	0.19493365689744602	0.2075809768349369
0.20040785757567017	0.20584986611386447	0.2031039216079415	0.19143624370610587	0.19920211099641777
0.20089168386345138	0.2008415728275718	0.1980605295946339	0.19360757792740915	0.20659863578693352
0.2026654867613481	0.2036585200446603	0.19463306538507572	0.19029263903675467	0.20875028877216098
0.2017401986016116	0.20337363415183232	0.19977586361366279	0.19376532894706117	0.20134497468583187
0.18740897962220066	0.20941958458922938	0.19813714521402875	0.1955526067559556	0.2094816838185854
0.18658345366134818	0.20142654501262217	0.20672365685887423	0.19624052090121386	0.20902582356594135
0.1897935582810007	0.2046082211426584	0.20895324886607908	0.19645079479365368	0.20019417691660796
0.199522581471116	0.20111603799853145	0.1998775346505687	0.19324845366321172	0.20623539221657192
0.18330789908492354	0.21139883909595578	0.20464742910034045	0.19449365627139775	0.20615217644738226
0.19586186993514312	0.20754204489035663	0.20430190631741882	0.18913594916765827	0.20315822968942296
0.19795923070610205	0.20267044311152896	0.19836759920122024	0.19297975416918853	0.20802297281196
0.19442930838275457	0.2101487155089435	0.19378641402277144	0.1923069393554683	0.20932862273006195
0.19113820769603307	0.20233525024370946	0.20901534823030563	0.19062317012956917	0.20688802370038248
0.19190524027776884	0.20764562768697553	0.20568369022247568	0.19205737510119292	0.20270806671158684
0.19517902077957458	0.2089770047553653	0.1972372542767855	0.1895684883469673	0.2090382318413071
0.18755668310575488	0.20640912122694244	0.20900485417609319	0.19592626235571578	0.20110307913549352
0.19020479986728223	0.20951703684453934	0.19915113502418907	0.18923455852970608	0.21189246973428305
0.2008915626298864	0.20633101351575694	0.19760273862980016	0.19516017205969075	0.20001451316486554
0.20321777451463752	0.19955329288312662	0.20308577722923046	0.19042912025257488	0.20371403512043026
0.19020943053372447	0.2057849244828286	0.2037660960140436	0.19279502051617725	0.20744452845322586
0.1989009398575476	0.19985178012271718	0.20201658236604803	0.19245340341328823	0.20677729424039873
0.19325588375075575	0.2108224945134632	0.19565554833778548	0.19075028393097682	0.20951578946701854
0.18797540015677344	0.20745602353692097	0.20363208628572246	0.19450290707528087	0.20643358294530206
0.18835710287627563	0.20969139665672926	0.1970175830456117	0.19269507034241695	0.21223884707896623
0.20050039803729552	0.20081241924001098	0.19728481372947287	0.18973279539379026	0.21166957359943014
0.2029960386319634	0.2043806012992953	0.1940644162014119	0.18994813064443114	0.208610813222898
0.1922465297235458	0.20236439757162272	0.19753835905722092	0.19512996881296404	0.2127207448346463
0.19206969951302497	0.20358160280984341	0.2086921018100806	0.19080619993997713	0.20485039592707366
0.19658510295212867	0.21143608248568843	0.19696448757267065	0.19442150846842943	0.2005928185210826
0.19538701771027983	0.20611234119951705	0.1981917879577076	0.1943151119808227	0.20599374115167263
0.19146882032523277	0.20994553214135178	0.20573214137597653	0.18971825210412024	0.20313525405331848
0.20301777095518575	0.2075665300759907	0.19708851194899268	0.19270572053087118	0.19962146648895948
0.1956552304996966	0.2114359386465556	0.19675118085303953	0.18917404272729219	0.20698360727341586
0.19430768016748393	0.19986791942233217	0.20630776684955124	0.19112645588520732	0.2083901776754251
0.19282409484594615	0.20991058596037698	0.20628489895921032	0.1893756599120136	0.20160476032245275
0.20048299635977335	0.2021387196125979	0.19870798820297814	0.18868709883352155	0.2099831969911288
0.184348295963286	0.20992937449724883	0.2077086110104524	0.19000114116962932	0.20801257735938325
0.19882195358375215	0.20537664190431076	0.19905435981022426	0.19276875644166996	0.20397828826004263
0.19566344887367312	0.20542956223297876	0.20095827413724657	0.18953251891145134	0.20841619584465
0.1964426106673902	0.21030916191622917	0.2031887182761374	0.18897384013518162	0.2010856690050614
0.18467728191679086	0.2044181795656707	0.20890965795646205	0.19119707904557298	0.21079780151550317
0.20060678557377296	0.20369007919557225	0.19426150550025975	0.1918681564671537	0.20957347326324113
0.19378679570040358	0.20141555188223056	0.2042567774193398	0.19398986105265154	0.2065510139453743
0.19202000113033255	0.20329732578316712	0.20832348154569838	0.1921094848376296	0.20424970670317216
0.19671951061556975	0.21152211902153045	0.19365655153634437	0.1904217590739187	0.20768005975263648
0.19215890877616387	0.2019934906681698	0.20586505140036246	0.1942568959082258	0.2057256532470778
0.19646425853667132	0.20981066972979093	0.1959554431122405	0.1933105686596378	0.20445905996165925
0.19108698908033753	0.20048612982840705	0.2076432911466648	0.19458801121953678	0.20619557872505365
0.1900052260950934	0.2080523664487405	0.20693521292490574	0.19572522914516458	0.19928196538609552
0.19862373639445016	0.2013570043204234	0.1983186232404227	0.19262934196945328	0.2090712940752502
0.19741072988473862	0.20702309827032236	0.19766488729889517	0.1894484634973419	0.2084528210487017
0.19802913623024332	0.20064853665491666	0.20363151362930493	0.19598792946686294	0.20170288401867195
0.1876148640336683	0.20898383794342368	0.20623752233062936	0.19052344736326793	0.2066403283290105
0.18675611672878906	0.20807786414767546	0.20506357644445977	0.193474313240989	0.2066281294380865
0.19657227004442546	0.20573553384415008	0.20590413750128245	0.19143570675739818	0.2003523518527436
0.1835119496156168	0.20495945133482762	0.20717661896661388	0.19517183692425188	0.2091801431586896
0.187892309799729	0.21060065608793435	0.207769245213405	0.1902447754969597	0.20349301340197173
0.19337365134154255	0.21056939245946482	0.19837469268549457	0.19498896172123914	0.2026933017922587
0.18881373120985812	0.21149741975508035	0.20641107511078494	0.19471359544956163	0.19856417847471475
0.19908103157075094	0.20773635453501105	0.20143928493402208	0.1892738488297765	0.20246948013043922
0.19355331031477607	0.21024603132335815	0.2068423717985529	0.1909089802862205	0.1984493062770922
0.19156466193732585	0.20523670947929673	0.19424818241767255	0.19633592328277796	0.21261452288292668
0.1914411317785428	0.2064817576454248	0.19798334651620295	0.19207788790652802	0.2120158761533012
0.20209405558912238	0.20931516021142296	0.19793938412023307	0.19143197013498955	0.19921942994423184
0.19178385579130686	0.20983606983938277	0.19725670496998363	0.19157606888269618	0.2095473005166303
0.1966196244468546	0.20695933333535993	0.19494215898293735	0.1947937065440479	0.2066851766908
0.19621399957128988	0.20111667393460575	0.20582048364602482	0.19413958120247682	0.2027092616456025
0.19525385207304916	0.20164740957845062	0.20611243806041546	0.1902170133744282	0.20676928691365637
0.1993398691569334	0.20356318871727228	0.20132665143424844	0.19213751504853704	0.2036327756430086
0.18875182448350142	0.21002263129804374	0.20062317090906534	0.1893459114910594	0.2112564618183299
0.19380781534372254	0.20653393611117074	0.2032087630364481	0.1921608000423467	0.20428868546631168
0.18546497798564546	0.21059286610149333	0.20274093205395602	0.19230942552910615	0.20889179832979882
0.1904701021197106	0.2035862374924535	0.20205489883981426	0.19469542449293992	0.2091933370550815
0.19137104512357453	0.20826460175796324	0.2061891711884656	0.19257088505331105	0.20160429687668538
0.20198020075522927	0.20196500990515	0.1992240600471314	0.1945829286578372	0.20224780063465192
0.1943951563830041	0.211421079393802	0.1930627966711128	0.1931878436737158	0.2079331238783651
0.1948823926459275	0.21048190001216285	0.20119850106816842	0.1911616673843913	0.2022755388893497
0.18899978386895144	0.21108006917421823	0.19626320547725534	0.19267752533120286	0.21097941614837187
0.19367012596945862	0.20918112737643763	0.20694419865545516	0.1887238994290985	0.20148064856954986
0.18549852218013702	0.20680726392300675	0.2041686290026862	0.19486611918535066	0.2086594657088192
0.19603102280853546	0.20207665580335693	0.20742196268862506	0.19425739375462858	0.20021296494485374
0.1870892368656104	0.20700628903702445	0.20071302361072593	0.19255046815895752	0.21264098232768144
0.19271503420132527	0.20777183361999013	0.20411103030259337	0.18921942624290314	0.20618267563318787
0.19806011241964164	0.201626261591299	0.20344093386838552	0.19558826131728055	0.20128443080339306
0.20259669146660633	0.20851231446580987	0.19616243199981323	0.1941561671977128	0.19857239487005754
0.18461989921394292	0.21088354194961095	0.20552958528457854	0.19108452895507758	0.2078824445967898
0.2028078989790886	0.20863809499552227	0.19327265607437627	0.19028499837166285	0.2049963515793498
0.18801926064192404	0.21070118136786786	0.20438738659168276	0.19136636795917997	0.20552580343934515
0.18928968961616738	0.20536376992874575	0.20531115794844246	0.19500960362398925	0.20502577888265494
0.18591713802842322	0.20592343574587443	0.2051249098783428	0.19114822221017524	0.21188629413718407
0.19083337581370785	0.20936774831585803	0.19817979400898733	0.1901105045773296	0.21150857728411698
0.20021456970257082	0.20965140036445165	0.19797456817500914	0.1898053600208279	0.20235410173714027
0.2033574909530106	0.2102571890299588	0.19310005161840169	0.19497946586269418	0.19830580253593452
0.19949694888333525	0.20996501569647227	0.19360816691131957	0.1929649290961942	0.2039649394126785
0.20012840143979388	0.20712548206740913	0.2035484210809852	0.19107631221772353	0.198121383194088
0.19886890635256285	0.20436007732066205	0.19532130127423863	0.19063896042996012	0.21081075462257612
0.20278245098906106	0.20734386365242477	0.1950814108448559	0.19146181059686995	0.20333046391678813
0.20177938967257766	0.20173310395346533	0.19747503636828642	0.1910987220833557	0.20791374792231468
0.19920374726826084	0.2006379758880644	0.1986565429606501	0.18888646006267606	0.21261527382034837
0.1852068103861494	0.20987665198489625	0.1986241390851276	0.19454284676654987	0.21174955177727667
0.19639926660777568	0.20471857837132326	0.2074512187331779	0.1900786712940375	0.20135226499368547
0.1960299595767828	0.20771991628655523	0.20526490367824157	0.19065260752101243	0.20033261293740776
0.19503035740749955	0.20419704421869472	0.1989452501624436	0.18992735162323462	0.21189999658812728
0.2015259161219324	0.20210124970792778	0.20317616041213057	0.19004348173556607	0.20315319202244297
0.1967971596705142	0.20550485903414098	0.19863798517480344	0.19580060436855395	0.2032593917519872
0.19124524571386714	0.20367261460612282	0.20805715473824546	0.18905551401079218	0.20796947093097215
0.18897974011526827	0.2113635097653472	0.2065488784761006	0.19234765517900107	0.20076021646428263
0.18417999376808103	0.21139318882309985	0.2021186701242184	0.19015196276994745	0.21215618451465304
0.19606417620411332	0.2102593184265054	0.1932209046052431	0.18903729101994718	0.2114183097441908
0.18939810015665706	0.20673754096989425	0.20787629107936959	0.19377051745382495	0.20221755034025396
0.1994758869628401	0.20882550145569376	0.19926833208027867	0.19209112561354766	0.2003391538876396
0.1954289929045802	0.20374640024169385	0.2061040896727324	0.19279961373735618	0.2019209034436371
0.2016085683683852	0.20764925118104172	0.194385818424252	0.1886917874055213	0.20766457462079957
0.18873379436766088	0.20483140108740594	0.20729310751933683	0.1904135359864226	0.20872816103917352
0.19496532638755706	0.2108469306717069	0.19818814972120785	0.19486401077316545	0.20113558244636248
0.20265539178829647	0.2026966016034672	0.19396119758448055	0.19246040235649106	0.2082264066672645
0.19732762685762203	0.20883142722339493	0.20373478645450016	0.1903564716038329	0.19974968786064973
0.19287569493966966	0.20307182504779125	0.20671382620771567	0.19566385588569646	0.20167479791912676
0.1910152698652553	0.20766460826792077	0.19993478678388338	0.19018668355033683	0.2111986515326035
0.19092222846014203	0.20409234415452235	0.20292767604297485	0.1930360520859075	0.20902169925645303
0.1993329773045295	0.20198938026864574	0.1955536011905936	0.1926590315039933	0.21046500973223767
0.20003630561205396	0.2051702755389333	0.20087592913074284	0.19155563422231486	0.20236185549595484
0.18965498529459232	0.20044445785760992	0.2008527543154302	0.1964676337372991	0.21258016879506825
0.18453179561608668	0.2103632652862897	0.2010442858165733	0.19196806655150195	0.2120925867295482
0.1837797759533497	0.21042355621776768	0.20379510637979734	0.19007279345031075	0.2119287679987743
0.18906596933923267	0.2063329671799129	0.20195361263704856	0.1937649129943648	0.20888253784944086
0.1939016683160537	0.2071320634961976	0.1939385311719825	0.19394159156916096	0.21108614544660503
0.2005420735766703	0.20287341297503234	0.19347575999991729	0.19207224224617514	0.2110365112022047
