0.4962279051509189	0.5037720948490807
0.48728184499847127	0.5127181550015284
0.4918697579774198	0.5081302420225798
0.49116863308630776	0.5088313669136919
0.4932513339824493	0.5067486660175504
0.48696955873550984	0.5130304412644898
0.4868215423067511	0.5131784576932485
0.4845681733039874	0.5154318266960123
0.4856236764299106	0.5143763235700891
0.4907567203179921	0.5092432796820076
0.48828416408036474	0.511715835919635
0.49317675587541393	0.5068232441245857
0.4860130874725971	0.5139869125274026
0.49203456484338687	0.5079654351566129
0.4845576466499154	0.5154423533500843
0.48394783995735074	0.516052160042649
0.48408595771076757	0.5159140422892321
0.4887895403370831	0.5112104596629166
0.4916526862844292	0.5083473137155705
0.48397276543352885	0.5160272345664708
0.49303109230299236	0.5069689076970073
0.4879027206496365	0.5120972793503631
0.4945167047245046	0.5054832952754951
0.4946070719821915	0.5053929280178082
0.48936611436963817	0.5106338856303615
0.4953963676385261	0.5046036323614735
0.48694304759260343	0.5130569524073962
0.48891325392331714	0.5110867460766825
0.49367075564083945	0.5063292443591602
0.4906203396847801	0.5093796603152195
0.48470533108133873	0.5152946689186609
0.49127321579961064	0.5087267842003891
0.4873103968491771	0.5126896031508226
0.4871978709135767	0.512802129086423
0.49236998838826956	0.5076300116117302
0.4862218153224207	0.513778184677579
0.4893949810652637	0.510605018934736
0.49508725712999707	0.5049127428700027
0.4866034862743971	0.5133965137256026
0.4867085489169509	0.5132914510830487
0.4920988063815092	0.5079011936184905
0.49416456375757745	0.5058354362424222
0.4947291302403354	0.5052708697596643
0.4851335450504178	0.5148664549495818
0.48928712900615123	0.5107128709938484
0.4915164892178511	0.5084835107821486
0.49381485362021527	0.5061851463797844
0.4909790401576759	0.5090209598423238
0.4957698733205641	0.5042301266794356
0.4836185598486665	0.5163814401513332
0.48633315300883356	0.513666846991166
0.4895820865766488	0.5104179134233509
0.486245533200048	0.5137544667999517
0.4931884904689991	0.5068115095310005
0.48843915033330304	0.5115608496666966
0.48795737595575545	0.5120426240442443
0.4853319224668066	0.514668077533193
0.48896942165788615	0.5110305783421135
0.49308488080238927	0.5069151191976105
0.4907956777655157	0.509204322234484
0.48966113045848597	0.5103388695415136
0.48673745540509095	0.5132625445949087
0.48694291142533835	0.5130570885746613
0.495567753656235	0.5044322463437647
0.49199334640611975	0.5080066535938799
0.4840447494528846	0.5159552505471151
0.48638570086358546	0.5136142991364142
0.4839867404535522	0.5160132595464474
0.4882015491498584	0.5117984508501413
0.4856343932771403	0.5143656067228594
0.49028655202922006	0.5097134479707797
0.4879948166020509	0.5120051833979488
0.48798598971010915	0.5120140102898906
0.49483165695546166	0.505168343044538
0.4938249617219503	0.5061750382780493
0.4943439412009817	0.505656058799018
0.4867407843470448	0.5132592156529548
0.4927640753026322	0.5072359246973674
0.48986845407960083	0.5101315459203989
0.4954523808038268	0.5045476191961729
0.49334665434500696	0.5066533456549928
0.4917412074662825	0.5082587925337172
0.4911721247245925	0.5088278752754072
0.4878690438485862	0.5121309561514135
0.4851884928608574	0.5148115071391423
0.49083795317451573	0.5091620468254839
0.48373333165182575	0.5162666683481739
0.48554655580879275	0.5144534441912069
0.49142243803167	0.5085775619683297
0.4954532202252201	0.5045467797747796
0.494669472027445	0.5053305279725547
0.4962769848397229	0.5037230151602768
0.48924523389635294	0.5107547661036467
0.4924199251721555	0.5075800748278442
0.49379762359641927	0.5062023764035805
0.4908609132331254	0.5091390867668742
0.48940045871791943	0.5105995412820802
0.48734034409429405	0.5126596559057056
0.49296057464039705	0.5070394253596027
0.49233199036801445	0.5076680096319852
0.4882105130069536	0.511789486993046
0.4955897625259323	0.5044102374740673
0.4918462951156571	0.5081537048843425
0.48826749848286255	0.5117325015171371
0.4875923175396176	0.512407682460382
0.49412613050732196	0.5058738694926778
0.4840127645460458	0.5159872354539539
0.4937714569226989	0.5062285430773008
0.48946992499909925	0.5105300750009004
0.49196791344193397	0.5080320865580656
0.49178450626878006	0.5082154937312197
0.4840569917386984	0.5159430082613014
0.4838902998201697	0.51610970017983
0.4929266020568897	0.5070733979431099
0.48492825307188264	0.515071746928117
0.4875450960511937	0.512454903948806
0.495043887399874	0.5049561126001256
0.492800491503906	0.5071995084960937
0.4933532970232612	0.5066467029767384
0.4889825202930831	0.5110174797069166
0.4940896654080301	0.5059103345919695
0.4915494629830145	0.5084505370169852
0.4881892812747816	0.511810718725218
0.49076335217209444	0.5092366478279052
0.490790346535433	0.5092096534645666
0.4872865721065993	0.5127134278934004
0.49300190602739224	0.5069980939726074
0.48604619483772527	0.5139538051622744
0.4862947359879502	0.5137052640120494
0.4841632152357611	0.5158367847642386
0.48482721982425714	0.5151727801757425
0.496068846093353	0.5039311539066467
0.49062496415790996	0.5093750358420898
0.49466632806349864	0.505333671936501
0.49101186589595264	0.5089881341040471
0.48766647001609864	0.512333529983901
0.4907927467200457	0.509207253279954
0.48951452247020966	0.51048547752979
0.4899758694979532	0.5100241305020464
0.49588826875383646	0.5041117312461632
0.49029163289859684	0.5097083671014028
0.4848296563643599	0.5151703436356397
0.48439938954218176	0.5156006104578179
0.4953516016746553	0.5046483983253444
0.49399128213687776	0.5060087178631218
0.4848184099530058	0.5151815900469939
0.4835710881962647	0.516428911803735
0.48635653681998964	0.5136434631800101
0.48636386654623076	0.5136361334537689
0.4848136278511902	0.5151863721488095
0.4947959098228257	0.5052040901771739
0.4937249902355168	0.5062750097644829
0.4936353359243629	0.5063646640756367
0.48625680238088903	0.5137431976191106
0.48743561602474195	0.5125643839752577
0.48959400833243116	0.5104059916675685
0.484251256079305	0.5157487439206946
0.4912942648256333	0.5087057351743663
0.4934827282306699	0.5065172717693297
0.48725081296849504	0.5127491870315046
0.48482784464155954	0.5151721553584402
0.493224887595771	0.5067751124042287
0.49391574983575964	0.5060842501642401
0.49433331194308916	0.5056666880569105
0.49625968128206277	0.5037403187179369
0.48950819007722685	0.5104918099227729
0.4887851221737537	0.511214877826246
0.4909466570259001	0.5090533429740995
0.4929621681985607	0.507037831801439
0.4948482417662601	0.5051517582337396
0.4960040721223511	0.5039959278776486
0.48810252720426056	0.511897472795739
0.48831903820580785	0.5116809617941918
0.48512636121907954	0.5148736387809201
0.4841592029813905	0.5158407970186092
0.49563868398376965	0.50436131601623
0.4951131421037106	0.5048868578962891
0.48477115800680814	0.5152288419931915
0.48715875724385116	0.5128412427561485
0.4897588722254455	0.5102411277745542
0.4843899733774932	0.5156100266225065
0.49190928400186673	0.5080907159981329
0.48800342902669835	0.5119965709733013
0.4943005190419162	0.5056994809580835
0.49219827200442107	0.5078017279955785
0.49499328857837477	0.5050067114216249
0.4931489598650939	0.5068510401349058
0.4886295740444826	0.5113704259555171
0.4948970493571675	0.5051029506428322
0.4917506890276673	0.5082493109723324
0.490719026564463	0.5092809734355367
0.48370690717572673	0.5162930928242729
0.48492214013672164	0.515077859863278
0.4850376344497706	0.5149623655502291
0.49348970733619574	0.5065102926638039
0.494597649069431	0.5054023509305686
0.4883908376014055	0.5116091623985942
0.4914692832720723	0.5085307167279274
0.4913651798404368	0.5086348201595629
0.4926561377138697	0.5073438622861299
0.4876285048764203	0.5123714951235794
0.49273384426390904	0.5072661557360906
0.48513215344517396	0.5148678465548258
0.4955181622426577	0.5044818377573419
0.4944820574947586	0.5055179425052411
0.4913892027515826	0.5086107972484171
0.4931180115100609	0.5068819884899388
0.4927486478761859	0.5072513521238138
0.4948128767967037	0.505187123203296
0.4879255489321726	0.5120744510678271
0.487708034585541	0.5122919654144586
0.48771111880719875	0.5122888811928009
0.4917803505275556	0.5082196494724441
0.4864736860933361	0.5135263139066636
0.4842219587263039	0.5157780412736958
0.4869204979931295	0.5130795020068702
0.4842414020025968	0.5157585979974029
0.4850789812669039	0.5149210187330958
0.4863426730950891	0.5136573269049106
0.4850531802383287	0.5149468197616709
0.4895897668027004	0.5104102331972993
0.48918507241351183	0.5108149275864878
0.4915079558235958	0.5084920441764038
0.4835994464268611	0.5164005535731385
0.4910396739878362	0.5089603260121635
0.4889369541906944	0.5110630458093053
0.4904416363882108	0.5095583636117889
0.4836371149073306	0.5163628850926691
0.49382830152536655	0.5061716984746332
0.48577886198541065	0.514221138014589
0.4840036019403459	0.5159963980596537
0.4943098297384083	0.5056901702615914
0.48659029851193686	0.5134097014880629
0.4949503004638939	0.5050496995361058
0.4960388915363558	0.5039611084636438
0.4841894575254948	0.5158105424745049
0.48627815686366493	0.5137218431363347
0.48878602529217124	0.5112139747078284
0.48997706420271114	0.5100229357972885
0.4841827664566271	0.5158172335433725
0.49059990592248054	0.5094000940775191
0.4836494891535807	0.516350510846419
0.49013765358009903	0.5098623464199007
0.4959740841198513	0.5040259158801483
0.4945121544087474	0.5054878455912523
0.4885209969746533	0.5114790030253464
0.49044568892167034	0.5095543110783294
0.49328749911334135	0.5067125008866583
0.48992534864233384	0.5100746513576658
0.49250866171946095	0.5074913382805387
0.4954633086758842	0.5045366913241155
0.4873599608724118	0.5126400391275879
0.49070505849726115	0.5092949415027385
0.4852715996023499	0.5147284003976498
0.4872031536376443	0.5127968463623553
0.4858832852459613	0.5141167147540384
0.4876751530738854	0.5123248469261142
0.4930478348263971	0.5069521651736025
0.48574350217713835	0.5142564978228613
0.4926193103485601	0.5073806896514396
0.4953383647561478	0.5046616352438519
0.4941770770754436	0.5058229229245561
0.49428503821155984	0.5057149617884399
0.4858030420453487	0.5141969579546509
0.4933905288869429	0.5066094711130568
0.495865306344863	0.5041346936551367
0.4861702988428341	0.5138297011571656
0.4835980144381439	0.5164019855618558
0.4939047988617871	0.5060952011382126
0.4847471795725475	0.5152528204274521
0.4915905630025781	0.5084094369974216
0.48979235772077406	0.5102076422792255
0.4913467703060026	0.5086532296939971
0.484405288730421	0.5155947112695787
0.4836633260199098	0.5163366739800899
0.4890730773935293	0.5109269226064704
0.49043484294963624	0.5095651570503634
0.49244064745288313	0.5075593525471165
0.48722496511595986	0.5127750348840397
0.48733495358081264	0.5126650464191871
0.4946574578470749	0.5053425421529247
0.4839921093705617	0.516007890629438
0.4944818417670792	0.5055181582329205
0.48660918440272827	0.5133908155972714
0.49627429989061606	0.5037257001093837
0.4856738445472675	0.5143261554527322
0.4946167331504719	0.5053832668495278
0.49094024619128673	0.5090597538087129
0.4868324252241188	0.5131675747758808
0.49255241546891054	0.5074475845310891
0.4892900587548751	0.5107099412451246
0.490312091238872	0.5096879087611277
0.49452540185237126	0.5054745981476284
0.4943770924566589	0.5056229075433407
0.4895318054874661	0.5104681945125336
0.4898910007726082	0.5101089992273915
0.48843640705357527	0.5115635929464244
0.49308688617370966	0.50691311382629
0.4878332608196271	0.5121667391803726
0.49311290028300053	0.5068870997169992
0.49534740229557744	0.5046525977044223
0.4945973000298815	0.5054026999701181
0.4869274335947619	0.5130725664052377
0.48356830231632636	0.5164316976836734
0.48684937338208856	0.5131506266179111
0.4840993205700236	0.5159006794299761
0.4835691093442397	0.51643089065576
0.4961479423179551	0.5038520576820446
0.4860883212078532	0.5139116787921465
0.49332670977324683	0.5066732902267528
0.48442581684370745	0.5155741831562922
0.4839038900398789	0.5160961099601208
0.49204456496449867	0.507955435035501
0.48849888758658405	0.5115011124134156
0.48815066165922866	0.511849338340771
0.49289998600085677	0.5071000139991428
0.4914995786703138	0.5085004213296859
0.49307939796783157	0.5069206020321682
0.4943202199293514	0.5056797800706483
0.49069754533826615	0.5093024546617335
0.48847773086694607	0.5115222691330535
0.4890716480450117	0.510928351954988
0.49573490446675983	0.5042650955332398
0.4836405859269087	0.5163594140730909
0.4871676769755402	0.5128323230244595
0.49344870698372867	0.506551293016271
0.49418512106048323	0.5058148789395165
0.4913190890351922	0.5086809109648075
0.4868483249600611	0.5131516750399385
0.48413234843369407	0.5158676515663055
0.49566213951795585	0.5043378604820439
0.49302003066118805	0.5069799693388116
0.48823381726788967	0.51176618273211
0.49334599567830784	0.5066540043216918
0.495263290929489	0.5047367090705106
0.4928656520608245	0.5071343479391752
0.4879865620814139	0.5120134379185858
0.4857521692621336	0.5142478307378661
0.490351593077824	0.5096484069221757
0.4892519219580109	0.5107480780419887
0.49330931463463296	0.5066906853653668
0.4948058985318181	0.5051941014681816
0.4873506615076013	0.5126493384923984
0.4944768704989759	0.5055231295010237
0.489110154751475	0.5108898452485247
0.49606481094505667	0.5039351890549431
0.48350675435856494	0.5164932456414347
0.4873443853730372	0.5126556146269625
0.49352791021091225	0.5064720897890874
0.485916041289932	0.5140839587100677
0.4908941663224604	0.5091058336775393
0.48886847806859424	0.5111315219314054
0.48997940959391517	0.5100205904060845
0.48422705403890587	0.5157729459610938
0.48588272489555356	0.514117275104446
0.49362169130707906	0.5063783086929206
0.48378281920095806	0.5162171807990417
0.4882190907130664	0.5117809092869332
0.4860614373252271	0.5139385626747726
0.48598381175248684	0.5140161882475128
0.49295032440745223	0.5070496755925474
0.494043344438635	0.5059566555613646
0.49390370769280145	0.5060962923071982
0.48530167619219133	0.5146983238078083
0.4893059623178197	0.51069403768218
0.48756859109814715	0.5124314089018525
0.48645573266910813	0.5135442673308915
0.4912700343768567	0.508729965623143
0.4926450769295634	0.5073549230704363
0.4937653421538406	0.5062346578461591
0.49464745676428545	0.5053525432357142
0.4852500241589841	0.5147499758410156
0.48979331805065635	0.5102066819493433
0.4953588491923397	0.5046411508076599
0.4942943525697824	0.5057056474302173
0.4878528164135519	0.5121471835864477
0.4914815161291969	0.5085184838708028
0.4842711152645634	0.5157288847354362
0.4933970547688433	0.5066029452311563
0.49164104439937084	0.5083589556006288
0.4954179997495523	0.5045820002504473
0.4846695789928558	0.5153304210071439
0.4893207448722261	0.5106792551277736
0.48614933030251795	0.5138506696974817
0.4877857328662089	0.5122142671337907
0.48450859142084424	0.5154914085791554
0.4922656537645441	0.5077343462354555
0.49406476901798446	0.5059352309820152
0.4957561240477931	0.5042438759522065
0.4906771704119022	0.5093228295880975
0.48433840977037407	0.5156615902296257
0.4874583788109035	0.5125416211890962
0.48942324076542854	0.5105767592345711
0.4951289774308815	0.5048710225691181
0.4959876946346976	0.5040123053653021
0.49534243192596167	0.5046575680740379
0.49244005143847525	0.5075599485615244
0.4858825176927041	0.5141174823072956
0.49219130337593586	0.5078086966240638
0.49538342644296984	0.5046165735570298
0.4905303651017794	0.5094696348982203
0.4880470165923606	0.5119529834076391
0.49016548895510054	0.5098345110448992
0.4891761923898037	0.510823807610196
0.4889494855894994	0.5110505144105003
0.4911227769079265	0.5088772230920732
0.49006312949896946	0.5099368705010302
0.4939004462492035	0.5060995537507962
0.4899023705075191	0.5100976294924805
0.4846180558151689	0.5153819441848307
0.4859159850080423	0.5140840149919573
0.4875417120830471	0.5124582879169526
0.4869539621404535	0.5130460378595462
0.4867338783056478	0.5132661216943518
0.4906059394664384	0.5093940605335613
0.48734188194478484	0.5126581180552149
0.4846978129107468	0.5153021870892529
0.48839876535601867	0.511601234643981
0.48706572792839536	0.5129342720716044
0.4846486754166161	0.5153513245833836
0.49360567420058415	0.5063943257994155
0.4942668223831288	0.5057331776168709
0.48764224514309895	0.5123577548569007
0.4952763173051108	0.5047236826948889
0.48665289846881404	0.5133471015311857
0.49050912847845324	0.5094908715215465
0.4930909469109786	0.5069090530890211
0.4959659399118829	0.5040340600881167
0.4882494954075803	0.5117505045924194
0.4902933208589541	0.5097066791410456
0.4881760917131826	0.5118239082868171
0.4932695446988215	0.5067304553011781
0.49588979784184684	0.5041102021581528
0.4874850062489464	0.5125149937510532
0.49455441381247917	0.5054455861875206
0.4848617621474832	0.5151382378525164
0.4924755813793006	0.5075244186206991
0.48649957454258924	0.5135004254574105
0.4858155729276879	0.5141844270723118
0.4950722095099655	0.5049277904900341
0.4858401742429227	0.514159825757077
0.4959657639445385	0.5040342360554612
0.4935671261793188	0.5064328738206809
0.4851521200425854	0.5148478799574142
0.4897451061684687	0.510254893831531
0.48856640348945835	0.5114335965105413
0.49431713453175535	0.5056828654682443
0.49532463782875424	0.5046753621712454
0.4891934183771389	0.5108065816228607
0.4903514100899966	0.5096485899100031
0.4906854961649336	0.509314503835066
0.4939361108292026	0.5060638891707971
0.4901121675958593	0.5098878324041404
0.48903972953733876	0.5109602704626609
0.4908913257572476	0.5091086742427521
0.49285636900501734	0.5071436309949823
0.48914450019434264	0.510855499805657
0.4944698579735594	0.5055301420264403
0.4840833487923523	0.5159166512076474
0.48894188255455684	0.5110581174454428
0.4893161681077264	0.5106838318922733
0.4886985972846587	0.511301402715341
0.48625125980790757	0.5137487401920922
0.48693027482176787	0.5130697251782318
0.4905451981417936	0.5094548018582061
0.48594702514047927	0.5140529748595204
0.4870848926264051	0.5129151073735946
0.4945613774268661	0.5054386225731335
0.48944287132646225	0.5105571286735374
0.491363506891242	0.5086364931087577
0.49480742196939204	0.5051925780306076
0.4938871722182941	0.5061128277817056
0.4897363993604498	0.5102636006395499
0.49432738146356275	0.5056726185364369
0.48700699418703514	0.5129930058129645
0.4934871496408217	0.5065128503591779
0.48738164422267516	0.5126183557773245
0.49612910511350944	0.5038708948864902
0.4850339458739458	0.5149660541260538
0.4847020755288902	0.5152979244711094
0.4861650889946919	0.5138349110053078
0.48533229269628053	0.5146677073037191
0.4952570073734759	0.5047429926265238
0.4925703626888107	0.507429637311189
0.491130386810512	0.5088696131894876
0.4934642107433497	0.50653578925665
0.48852318881959417	0.5114768111804056
0.48689632083333817	0.5131036791666616
0.49083523999629464	0.509164760003705
0.4911462908557445	0.5088537091442551
0.4879308829710697	0.51206911702893
0.4951915683262632	0.5048084316737365
0.4847554579187427	0.5152445420812569
0.4916822575492558	0.5083177424507438
0.4859297304287954	0.5140702695712043
0.4891854091639354	0.5108145908360643
0.4924062224074093	0.5075937775925904
0.4940514751559351	0.5059485248440646
0.4915509265235469	0.5084490734764527
0.4919347240089919	0.5080652759910078
0.48936020163824134	0.5106397983617583
0.48531981750088676	0.5146801824991128
0.49192112985892716	0.5080788701410726
0.49448532366131126	0.5055146763386884
0.4888425393703612	0.5111574606296384
0.4913450225129866	0.508654977487013
0.4915473290873051	0.5084526709126945
0.49362544898105665	0.506374551018943
0.49548520187982237	0.5045147981201773
0.48805758084798756	0.5119424191520121
0.4846744665042818	0.5153255334957179
0.4951003543634439	0.5048996456365558
0.48844511380077893	0.5115548861992207
0.4901994297443485	0.5098005702556512
0.4846015925861542	0.5153984074138455
0.488470076254559	0.5115299237454407
0.48691126257630335	0.5130887374236963
0.4839207291630818	0.5160792708369178
0.48773471517344963	0.51226528482655
0.4861531414715603	0.5138468585284394
0.4836807844446735	0.5163192155553262
0.4879278340657687	0.512072165934231
0.4925102382601011	0.5074897617398986
0.493301969909469	0.5066980300905306
0.4884520918156514	0.5115479081843483
0.4935324588873915	0.5064675411126082
0.48888860407827683	0.5111113959217228
0.49240567565081206	0.5075943243491876
0.48614063619942594	0.5138593638005737
0.48721836705253674	0.5127816329474629
0.4849509461757889	0.5150490538242108
0.49039624166564466	0.509603758334355
0.48994986364565907	0.5100501363543406
0.48416878446698364	0.515831215533016
0.49618958219608444	0.5038104178039152
0.48875922474994804	0.5112407752500516
0.4901842383537437	0.509815761646256
0.4841605924754863	0.5158394075245133
0.4924116807810605	0.5075883192189392
0.4868155966775417	0.513184403322458
0.4950291513259194	0.5049708486740803
0.48829621291507064	0.511703787084929
0.49389154099418064	0.506108459005819
0.4954118752911905	0.5045881247088092
0.4857193996043345	0.5142806003956651
0.48632829846888725	0.5136717015311124
0.4946929144034031	0.5053070855965965
0.484083274830344	0.5159167251696557
0.4879740272463527	0.512025972753647
0.48747852756163146	0.5125214724383682
0.4918814660834148	0.5081185339165848
0.49239314661130873	0.5076068533886909
0.49047850085966044	0.5095214991403392
0.49486214423776487	0.5051378557622348
0.48499597229590125	0.5150040277040985
0.4867090944324771	0.5132909055675225
0.484517916330612	0.5154820836693876
0.4961818385859351	0.5038181614140645
0.49185053335461904	0.5081494666453806
0.4936427983236286	0.506357201676371
0.48678169815815137	0.5132183018418484
0.4866646778303571	0.5133353221696426
0.49383206064428947	0.5061679393557103
0.494412418742888	0.5055875812571117
0.4908370240121035	0.5091629759878962
0.48769457762246626	0.5123054223775334
0.49596464227505155	0.5040353577249481
0.489119488996211	0.5108805110037886
0.49607502661594804	0.5039249733840516
0.4927165697334375	0.5072834302665621
0.4848582548824188	0.5151417451175808
0.4949633013497556	0.505036698650244
0.4908289466994105	0.5091710533005891
0.4859159771809879	0.5140840228190118
0.48973362273896914	0.5102663772610305
0.48841808334488884	0.5115819166551109
0.4926435159430851	0.5073564840569146
0.4900753430040627	0.5099246569959369
0.4835585435507039	0.5164414564492957
0.4903450886265807	0.509654911373419
0.49487528224345984	0.5051247177565399
0.49463604261960226	0.5053639573803974
0.4913696749734525	0.5086303250265471
0.4841561688566083	0.5158438311433914
0.496106177887283	0.5038938221127166
0.48978770827181356	0.5102122917281862
0.4952715072297877	0.504728492770212
0.4920262671469898	0.5079737328530098
0.4929965071846417	0.507003492815358
0.49505147920892656	0.5049485207910731
0.4943338010889188	0.5056661989110809
0.48528055617885585	0.5147194438211438
0.4849637093885303	0.5150362906114694
0.4917937173800496	0.50820628261995
0.4846554920448132	0.5153445079551865
0.48642401561398024	0.5135759843860194
0.4915998496307253	0.5084001503692743
0.4938200244519573	0.5061799755480424
0.4927010658280692	0.5072989341719305
0.490761418981274	0.5092385810187257
0.4950807548244858	0.5049192451755138
0.4925650000447509	0.5074349999552488
0.48962415293748063	0.510375847062519
0.48759781295070065	0.5124021870492991
0.49408152758360163	0.5059184724163981
0.49201232261721217	0.5079876773827875
0.4893084206563547	0.510691579343645
0.49521978217169066	0.504780217828309
0.49609481196819144	0.5039051880318082
0.4870665741051334	0.5129334258948662
0.48574841179669187	0.5142515882033077
0.48677527133525866	0.513224728664741
0.49061036726925933	0.5093896327307403
0.48891611435993854	0.5110838856400611
0.48731926689937	0.5126807331006297
0.4838133738747949	0.5161866261252047
0.49067682748821456	0.5093231725117852
0.48504030965657635	0.5149596903434234
0.4917338297763265	0.5082661702236732
0.49606708422003915	0.5039329157799606
0.4953808355032947	0.504619164496705
0.4897306677082806	0.5102693322917191
0.4956477071314476	0.5043522928685521
0.48659072285113536	0.5134092771488643
0.4920560160783674	0.5079439839216323
0.48784071880421764	0.512159281195782
0.4868346952585969	0.5131653047414028
0.48886199208108083	0.5111380079189188
0.48374177366441756	0.5162582263355822
0.4853815129881306	0.5146184870118691
0.48881448013339884	0.5111855198666009
0.48681267007885626	0.5131873299211435
0.49221798179458587	0.5077820182054138
0.4927470464182659	0.5072529535817338
0.48749216874837287	0.5125078312516268
0.49222019134610495	0.5077798086538947
0.4911332541133326	0.5088667458866671
0.4843043045423245	0.5156956954576752
0.48600569502214136	0.5139943049778583
0.4935761382077871	0.5064238617922125
0.4902098092536827	0.5097901907463169
0.4961806337759334	0.5038193662240662
0.4890391494475835	0.5109608505524161
0.4957091726415564	0.5042908273584432
0.48703474473539354	0.5129652552646061
0.4895922702525765	0.5104077297474232
0.48423616199915603	0.5157638380008436
0.48745345331615125	0.5125465466838485
0.485351453345455	0.5146485466545447
0.4928053956379293	0.5071946043620704
0.4958034209875201	0.5041965790124796
0.4921313918404611	0.5078686081595385
0.4893460601126025	0.5106539398873972
0.4922478748019818	0.5077521251980179
0.49567016294240196	0.5043298370575977
0.48356711370465794	0.5164328862953417
0.4868566599931607	0.513143340006839
0.4947708380312871	0.5052291619687126
0.4880944125633251	0.5119055874366746
0.49560113797231903	0.5043988620276806
0.4850110970514725	0.5149889029485272
0.485269360023703	0.5147306399762966
0.48900672248830396	0.5109932775116957
0.4887810632267035	0.5112189367732961
0.48857483003583924	0.5114251699641604
0.4865872523500809	0.5134127476499188
0.48860085987376106	0.5113991401262385
0.4865666287104189	0.5134333712895808
0.486094887670619	0.5139051123293806
0.48954982570635996	0.5104501742936397
0.49612820797802254	0.5038717920219771
0.48875531103041686	0.5112446889695828
0.49607026290658135	0.5039297370934183
0.49190835817198925	0.5080916418280104
0.4926687260881345	0.5073312739118652
0.4847914779313992	0.5152085220686005
0.48364033213831426	0.5163596678616854
0.49504456940293284	0.5049554305970668
0.4925968541564782	0.5074031458435214
0.4894000669578365	0.5105999330421631
0.488696379507955	0.5113036204920447
0.48761735667639067	0.512382643323609
0.4953525551414729	0.5046474448585268
0.49133641676116124	0.5086635832388384
0.4859555075962489	0.5140444924037508
0.4871139527491244	0.5128860472508753
0.49345300056178615	0.5065469994382136
0.4946645791604614	0.5053354208395382
0.4897704208293348	0.5102295791706649
0.487320717084804	0.5126792829151956
0.48385894404383356	0.5161410559561661
0.4906709228271131	0.5093290771728866
0.4874578389969291	0.5125421610030705
0.4955508997472788	0.5044491002527208
0.49147647712188425	0.5085235228781154
0.4842069641659721	0.5157930358340276
0.4931213396291398	0.5068786603708598
0.49460508527618086	0.5053949147238188
0.49493687644137196	0.5050631235586277
0.489077009777318	0.5109229902226817
0.489806776139559	0.5101932238604406
0.4893904459890621	0.5106095540109375
0.48805394114248823	0.5119460588575114
0.49384549554161217	0.5061545044583875
0.49263289996876	0.5073671000312396
0.4913754424581662	0.5086245575418334
0.4961186513549889	0.5038813486450108
0.49478166295999254	0.5052183370400071
0.4938335585570324	0.5061664414429673
0.4851177664033018	0.5148822335966979
0.4887186328893978	0.5112813671106018
0.4928933917707154	0.5071066082292842
0.4885842878791915	0.5114157121208082
0.4925047803211181	0.5074952196788816
0.48503571465907774	0.514964285340922
0.4915340286946853	0.5084659713053143
0.48616511165617127	0.5138348883438284
0.48862498922478687	0.5113750107752127
0.48777223733147446	0.5122277626685252
0.49288279022001596	0.5071172097799836
0.4855782030941767	0.514421796905823
0.48955081552916857	0.5104491844708311
0.4905791388353808	0.5094208611646188
0.49570223442382944	0.5042977655761702
0.48443319620164715	0.5155668037983525
0.48843687192512997	0.5115631280748697
0.49040780969961517	0.5095921903003845
0.495977521226932	0.5040224787730677
0.4908346692062412	0.5091653307937585
0.49515346273998834	0.5048465372600114
0.4902568886767613	0.5097431113232384
0.4857543733087686	0.5142456266912311
0.49005800709400527	0.5099419929059944
0.4875964866634106	0.5124035133365891
0.4878424456401088	0.5121575543598909
0.4854845948150268	0.5145154051849729
0.49236688132907014	0.5076331186709295
0.49366196531182177	0.506338034688178
0.48522556690137325	0.5147744330986265
0.4912620017259317	0.508737998274068
0.49178448463307567	0.508215515366924
0.493557158897959	0.5064428411020407
0.486951230175171	0.5130487698248286
0.4875140097369045	0.5124859902630952
0.48790987271669567	0.5120901272833039
0.488484451104369	0.5115155488956307
0.4949401153553962	0.5050598846446035
0.49607613866007	0.5039238613399296
0.494421193598088	0.5055788064019117
0.4890726214391961	0.5109273785608036
0.48414843141837643	0.5158515685816232
0.49194308227901584	0.5080569177209838
0.48464361884369556	0.5153563811563041
0.48406142993473356	0.5159385700652661
0.4908353380584603	0.5091646619415394
0.49104450230651675	0.5089554976934829
0.4916063416674857	0.5083936583325139
0.4875285932177333	0.5124714067822664
0.4841288134852021	0.5158711865147976
0.49440479589554936	0.5055952041044502
0.49598132824131774	0.504018671758682
0.49207146499144117	0.5079285350085585
0.49415380949757964	0.50584619050242
0.49609398587892584	0.5039060141210738
0.48939105711460407	0.5106089428853956
0.49195534542760255	0.5080446545723971
0.49033403738200393	0.5096659626179958
0.48435074210470536	0.5156492578952943
0.48882272258704396	0.5111772774129557
0.4875046257049101	0.5124953742950895
0.49262699838148305	0.5073730016185166
0.48828336677515444	0.5117166332248453
0.48611983807421044	0.5138801619257892
0.48808126855415485	0.5119187314458449
0.48357197097756643	0.5164280290224332
0.49352945087824474	0.5064705491217549
0.49552349754871233	0.5044765024512874
0.48853208201778636	0.5114679179822132
0.4949561682358948	0.505043831764105
0.48940799067613844	0.5105920093238613
0.48814566078039845	0.5118543392196012
0.49206160418885636	0.5079383958111433
0.4838605598798707	0.516139440120129
0.48430459265830433	0.5156954073416953
0.4867881282364905	0.5132118717635091
0.48761973153654314	0.5123802684634565
0.4902087326241669	0.5097912673758327
0.49266323882062263	0.5073367611793771
0.4877469263176837	0.512253073682316
0.4920981537067658	0.5079018462932339
0.48895563306926176	0.5110443669307378
0.495627906109044	0.5043720938909557
0.48739939182102404	0.5126006081789756
0.49291645398473777	0.5070835460152618
0.4914476263836309	0.5085523736163687
0.49097804949283086	0.5090219505071688
0.49496022530972916	0.5050397746902705
0.4835667951254472	0.5164332048745525
0.49264565379779557	0.5073543462022041
0.49407983572356434	0.5059201642764353
0.48399840999304	0.5160015900069597
0.48770162771554587	0.5122983722844539
0.490822062287937	0.5091779377120627
0.4840571978756411	0.5159428021243585
0.4931969177254256	0.506803082274574
0.48435198983700933	0.5156480101629903
0.48944182212075144	0.5105581778792482
0.4882672121517951	0.5117327878482045
0.48533944798793927	0.5146605520120604
0.48510761192841645	0.5148923880715832
0.4874250531849488	0.5125749468150509
0.48942862341087795	0.5105713765891218
0.48520701631309154	0.5147929836869081
0.4875774067633752	0.5124225932366244
0.4906339674896236	0.509366032510376
0.493511925038451	0.5064880749615487
0.4844927188103829	0.5155072811896168
0.48891235683795004	0.5110876431620497
0.496176029056926	0.5038239709430737
0.4851317125491268	0.5148682874508729
0.48839973441891904	0.5116002655810806
0.4940955999949175	0.5059044000050822
0.48724102219403836	0.5127589778059614
0.4891533152293857	0.510846684770614
0.4874505492077344	0.5125494507922652
0.4858272561516393	0.5141727438483604
0.48521813101786204	0.5147818689821376
0.4914428453930481	0.5085571546069516
0.49571603991741775	0.5042839600825819
0.4930449486604684	0.5069550513395312
0.48673318303241125	0.5132668169675885
0.4953172275462647	0.5046827724537349
0.4851967106388787	0.514803289361121
0.49562351338054417	0.5043764866194554
0.48481829360215384	0.5151817063978458
0.4895668335658342	0.5104331664341655
0.48486327317002514	0.5151367268299746
0.48780249723398467	0.512197502766015
0.49395871408868597	0.5060412859113137
0.4872618882749698	0.5127381117250298
0.4883884931390019	0.5116115068609978
0.48382361821621883	0.5161763817837809
0.48553788925862673	0.5144621107413729
0.48776244065509494	0.5122375593449047
0.49092407346668954	0.5090759265333101
0.48506109630603933	0.5149389036939603
0.48425605042087266	0.5157439495791271
0.49053815398356343	0.5094618460164362
0.4942645382909577	0.5057354617090419
0.4883112315332992	0.5116887684667005
0.4927514151219284	0.5072485848780713
0.4884434594850849	0.5115565405149148
0.49086774824801965	0.5091322517519801
0.4862689571776806	0.5137310428223191
0.4900273013220245	0.5099726986779751
0.48990715822769293	0.5100928417723067
0.4948823471101508	0.5051176528898489
0.48594977016921614	0.5140502298307835
0.48449604628378035	0.5155039537162193
0.48595582277895927	0.5140441772210405
0.4921950313085279	0.5078049686914717
0.4837350443896712	0.5162649556103285
0.4936849443599403	0.5063150556400593
0.4960937745328296	0.5039062254671701
0.4879586397652489	0.5120413602347508
0.4874951691062088	0.5125048308937908
0.4961786480499949	0.5038213519500048
0.48780713169666723	0.5121928683033324
0.48753680752185413	0.5124631924781455
0.4877808815789128	0.5122191184210869
0.4907797831759645	0.5092202168240352
0.48637536782542384	0.5136246321745758
0.4845001997673896	0.51549980023261
0.49489231877583645	0.5051076812241632
0.491231131014454	0.5087688689855456
0.4854963510847684	0.5145036489152313
0.48817106154280776	0.5118289384571919
0.4895868320674896	0.51041316793251
0.4897126081005666	0.5102873918994331
0.48921737192758064	0.510782628072419
0.4853068829423817	0.514693117057618
0.4911952412785147	0.508804758721485
0.492129926189627	0.5078700738103727
0.49402451852640716	0.5059754814735925
0.49120186152354456	0.5087981384764552
0.4952848730717376	0.504715126928262
0.48663844546383345	0.5133615545361662
0.4922387819553444	0.5077612180446552
0.48741091816962595	0.5125890818303737
0.49354196292721764	0.506458037072782
0.4894946710798258	0.5105053289201739
0.48480439766999167	0.5151956023300079
0.48646101066114444	0.5135389893388552
0.4888329041859154	0.5111670958140843
0.4902130005817864	0.5097869994182133
0.49248385657698074	0.507516143423019
0.49242990488349	0.5075700951165096
0.48394273207645705	0.5160572679235426
0.4916319239671569	0.5083680760328427
0.4943671716683206	0.505632828331679
0.4879916643727219	0.5120083356272778
0.49275964656177884	0.5072403534382208
0.48742062307482764	0.5125793769251721
0.49196614464682964	0.50803385535317
0.49463769644082206	0.5053623035591776
0.4902951353826515	0.5097048646173481
0.4837129420588084	0.5162870579411913
0.48786539127721257	0.512134608722787
0.49549123638414666	0.5045087636158531
0.4877702247483599	0.5122297752516397
0.4960118842505849	0.5039881157494147
0.4906928884958928	0.5093071115041069
0.48545530541904913	0.5145446945809505
0.48958981993284695	0.5104101800671528
0.4928364713678424	0.5071635286321573
0.48738075274322734	0.5126192472567723
0.49042538957950516	0.5095746104204945
0.4863106728810971	0.5136893271189026
0.4853340835993165	0.5146659164006832
0.49624417807289845	0.5037558219271012
0.4878411784604639	0.5121588215395358
0.48403712794705833	0.5159628720529413
0.49346833038656723	0.5065316696134324
0.4892085624820378	0.5107914375179619
0.4956772552553292	0.5043227447446704
0.49169398490156746	0.5083060150984322
0.495895725110873	0.5041042748891267
0.4871035390123864	0.5128964609876133
0.4930897930641554	0.5069102069358443
0.49569758032871425	0.5043024196712854
0.4930615440410725	0.5069384559589272
0.48796714175387823	0.5120328582461214
0.49292692882476624	0.5070730711752334
0.488915555529374	0.5110844444706256
0.4942600917893753	0.5057399082106243
0.4923989268078292	0.5076010731921704
0.4952847363434944	0.5047152636565053
0.4935909753870378	0.5064090246129619
0.4887302852124816	0.511269714787518
0.48758007074447124	0.5124199292555285
0.4846762215628247	0.5153237784371749
0.4926499075213394	0.5073500924786603
0.4887339061244562	0.5112660938755434
0.4932622523763185	0.5067377476236812
0.49361637688128734	0.5063836231187123
0.4850898651475792	0.5149101348524204
0.49025350504603926	0.5097464949539604
0.4917823726591856	0.5082176273408141
0.4843437745499056	0.515656225450094
0.4866153179799814	0.5133846820200183
0.496016246865331	0.5039837531346687
0.49389614253966363	0.506103857460336
0.4929579281488885	0.5070420718511112
0.48792584491248325	0.5120741550875164
0.49104112338019434	0.5089588766198053
0.49375025261940053	0.5062497473805991
0.48929734041538264	0.510702659584617
0.48776684009258386	0.5122331599074158
0.4925998679979671	0.5074001320020326
0.4844163169716221	0.5155836830283776
0.49598949620489513	0.5040105037951046
0.49206102220457376	0.507938977795426
0.48799430754641365	0.5120056924535861
0.49453660854023007	0.5054633914597696
0.4914535667290858	0.5085464332709139
0.4888706132649166	0.5111293867350831
0.4936042714368478	0.5063957285631518
0.4906343930102329	0.5093656069897667
0.49433179989885156	0.5056682001011481
0.491329043244474	0.5086709567555256
0.49533259338825136	0.5046674066117484
0.4836948378617667	0.516305162138233
0.495661250699036	0.5043387493009637
0.48668142079906873	0.5133185792009309
0.4914132968342764	0.5085867031657232
0.4862738462333172	0.5137261537666824
0.4870685585482705	0.5129314414517291
0.49295426992419017	0.5070457300758094
0.4836952825946141	0.5163047174053856
0.48979757754312053	0.5102024224568792
0.49408164077430367	0.5059183592256961
0.4857060131520231	0.5142939868479766
0.48940853088572633	0.5105914691142733
0.49367491224840493	0.5063250877515948
0.49121857874567615	0.5087814212543235
0.48680292175376305	0.5131970782462366
0.4863340023140784	0.5136659976859212
0.49540442931545986	0.5045955706845398
0.4873214114154486	0.5126785885845511
0.48653985814175077	0.5134601418582488
0.4870008084066633	0.5129991915933364
0.4890591088283201	0.5109408911716796
0.48594691801050577	0.5140530819894938
0.4928100401909865	0.5071899598090132
0.491210882232955	0.5087891177670447
0.489794404154929	0.5102055958450707
0.486088846474756	0.5139111535252436
0.48676923958844853	0.5132307604115511
0.4859021437926866	0.5140978562073131
0.49541216232823143	0.5045878376717682
