0.6515151966595161	0.3484848033404836
0.6527684308106265	0.3472315691893731
0.6512636811685183	0.3487363188314814
0.6531984467525171	0.3468015532474825
0.6526529164228323	0.34734708357716737
0.6503040711352989	0.3496959288647008
0.65016274016754	0.3498372598324596
0.6518982575091111	0.34810174249088854
0.6518433191426106	0.34815668085738904
0.6501545660364897	0.34984543396351
0.6521377555233171	0.34786224447668257
0.6506240271700028	0.34937597282999694
0.6520663134213946	0.3479336865786051
0.6529063042506809	0.34709369574931875
0.6520948011651481	0.3479051988348516
0.6519096632020003	0.3480903367979994
0.6526578921789191	0.34734210782108055
0.65306070203278	0.3469392979672197
0.6529934388228631	0.34700656117713663
0.6529859011248154	0.3470140988751843
0.6535311496300239	0.34646885036997577
0.6532194016294218	0.34678059837057784
0.6527901893130766	0.347209810686923
0.6518462284566331	0.3481537715433666
0.6503877827776471	0.3496122172223526
0.6532256069126491	0.3467743930873506
0.6508867772263913	0.34911322277360834
0.6513029545836511	0.3486970454163486
0.6528383450159772	0.34716165498402246
0.6522176814382497	0.34778231856175
0.6508907277101894	0.3491092722898103
0.6533537597221735	0.34664624027782626
0.6525909395774558	0.3474090604225438
0.6505437545459972	0.34945624545400245
0.6509445667353866	0.34905543326461314
0.6519161074933741	0.3480838925066255
0.6522835401637757	0.34771645983622407
0.6521642105132692	0.34783578948673044
0.6527663150191655	0.3472336849808342
0.6515765651063598	0.3484234348936399
0.6524874249754224	0.34751257502457716
0.6514850193732826	0.34851498062671704
0.6527620598206154	0.3472379401793842
0.6527616968110617	0.347238303188938
0.6523793058589091	0.34762069414109054
0.6506926881849319	0.3493073118150678
0.651046870232093	0.3489531297679067
0.6512089153266224	0.34879108467337727
0.6522392474873568	0.34776075251264277
0.6522696042049597	0.34773039579503995
0.6503010934560661	0.34969890654393354
0.6517001893655735	0.34829981063442617
0.6509515047912868	0.3490484952087129
0.6534023203059616	0.34659767969403815
0.6515354073445064	0.34846459265549323
0.6513226059218461	0.34867739407815357
0.6524368730808789	0.3475631269191207
0.6515535744039033	0.3484464255960964
0.6523304812326618	0.3476695187673379
0.6510302001035482	0.34896979989645155
0.6522165235837686	0.3477834764162311
0.6523081625031033	0.34769183749689636
0.6518563698575414	0.3481436301424583
0.6511411436592636	0.34885885634073616
0.6529346513656443	0.34706534863435534
0.6522933141748779	0.34770668582512176
0.652317450677274	0.34768254932272574
0.6527555086108314	0.34724449138916824
0.6535154256088926	0.346484574391107
0.6517107686419829	0.3482892313580168
0.6525738425729776	0.3474261574270221
0.6522440438739416	0.347755956126058
0.6501937646730933	0.34980623532690636
0.650803236708325	0.3491967632916747
0.651880241679826	0.3481197583201737
0.6503955955042368	0.3496044044957629
0.6507899171027387	0.34921008289726096
0.6517674511365106	0.3482325488634891
0.6524012779700002	0.3475987220299994
0.6524381264198279	0.34756187358017177
0.6502291878610366	0.3497708121389631
0.6534190464695425	0.34658095353045715
0.6511427958743975	0.34885720412560217
0.6526086006062467	0.34739139939375296
0.6528752637832892	0.34712473621671047
0.6505518415210043	0.34944815847899535
0.651714951864558	0.34828504813544164
0.651448184129657	0.3485518158703427
0.6533578768307505	0.34664212316924914
0.6507911137302147	0.349208886269785
0.6508861312984638	0.3491138687015358
0.6528780486727341	0.34712195132726553
0.6514275878875032	0.34857241211249645
0.651689785027926	0.34831021497207376
0.6502272790366853	0.34977272096331435
0.6520315679252537	0.34796843207474587
0.6522519535671094	0.34774804643289026
0.6517927446800394	0.3482072553199602
0.6527632481138259	0.34723675188617376
0.6531540856807106	0.346845914319289
0.6511750388981306	0.3488249611018691
0.6511594691991106	0.34884053080088906
0.6528145383632316	0.3471854616367681
0.6520338758343197	0.34796612416567996
0.6529722671516422	0.3470277328483574
0.651258820007676	0.3487411799923237
0.6522119138389008	0.3477880861610989
0.6510378913524785	0.3489621086475212
0.6524591764671701	0.3475408235328295
0.6503179822176768	0.34968201778232294
0.6516150013190769	0.34838499868092276
0.6523153757564859	0.34768462424351376
0.6503530573291445	0.3496469426708552
0.6512195559218419	0.3487804440781577
0.6512758834357646	0.3487241165642351
0.6520453317281482	0.3479546682718515
0.6532650983599587	0.34673490164004095
0.6523168557587209	0.3476831442412788
0.6527882605528827	0.3472117394471169
0.6508336541021043	0.3491663458978954
0.6503874925439259	0.3496125074560737
0.6524289906608444	0.3475710093391553
0.6522373587084349	0.34776264129156476
0.6533755046323638	0.34662449536763584
0.6533677510234916	0.3466322489765081
0.6522661376455465	0.34773386235445314
0.6531360118369913	0.3468639881630083
0.6504086061511329	0.3495913938488667
0.6503273969304717	0.3496726030695279
0.6512863542516107	0.348713645748389
0.6527346107802409	0.3472653892197588
0.6532455913508737	0.34675440864912593
0.6510638221084946	0.3489361778915051
0.6521423800408156	0.3478576199591841
0.6525770999771382	0.34742290002286147
0.650369575113227	0.3496304248867727
0.6508621979377622	0.34913780206223743
0.6520055445195665	0.3479944554804332
0.6524861245672422	0.34751387543275747
0.651231412180321	0.3487685878196787
0.6505499471984393	0.34945005280156044
0.6514305272214256	0.34856947277857403
0.6503078978129808	0.3496921021870189
0.6510140732911286	0.3489859267088711
0.6527331230199916	0.347266876980008
0.6521953661861444	0.3478046338138553
0.6522807915155926	0.34771920848440707
0.6519428560554182	0.3480571439445814
0.6503537049687255	0.3496462950312742
0.6532366174106113	0.3467633825893883
0.6534892011489764	0.34651079885102326
0.6531286121969822	0.3468713878030175
0.6515907996846005	0.3484092003153991
0.6527365611985054	0.34726343880149424
0.6530889528693645	0.34691104713063514
0.6509794652153014	0.34902053478469836
0.6518907494578166	0.3481092505421831
0.6520700971925133	0.34792990280748637
0.652759942928619	0.3472400570713806
0.6520882398541559	0.34791176014584385
0.6513771094969485	0.3486228905030512
0.653151635059415	0.3468483649405847
0.652459981182181	0.3475400188178187
0.6531376440178035	0.34686235598219617
0.6516100422714082	0.3483899577285915
0.6520548187065469	0.3479451812934528
0.6508609865000259	0.34913901349997384
0.652864209634421	0.34713579036557857
0.6519250028076256	0.3480749971923741
0.6512902726854881	0.34870972731451155
0.6519020401797084	0.34809795982029124
0.6512771105447339	0.3487228894552658
0.6531676106847187	0.34683238931528093
0.6513310847644616	0.3486689152355381
0.6523892244010767	0.34761077559892295
0.6531989348598829	0.34680106514011677
0.6515156011013887	0.34848439889861094
0.652045992302662	0.34795400769733764
0.6509975924310072	0.3490024075689924
0.6520310079471566	0.34796899205284304
0.653317739774129	0.3466822602258707
0.652727256966846	0.3472727430331537
0.6519539053604062	0.3480460946395934
0.6505231984427319	0.3494768015572678
0.6509924399144714	0.34900756008552825
0.6506180386314607	0.34938196136853894
0.6527503852655565	0.34724961473444316
0.6514190387784535	0.34858096122154614
0.652188652360459	0.3478113476395407
0.6534965550506396	0.34650344494936003
0.650466802748595	0.34953319725140464
0.6528732036640932	0.3471267963359065
0.6526846168725002	0.34731538312749943
0.6512922277447168	0.3487077722552829
0.6514080649203654	0.34859193507963426
0.6516293909757467	0.34837060902425304
0.6531823518197215	0.34681764818027816
0.6516447266644798	0.3483552733355199
0.6510090694325178	0.34899093056748187
0.6513141648538046	0.34868583514619517
0.6509892172333973	0.3490107827666024
0.6530906338877992	0.34690936611220047
0.65033856309074	0.34966143690925966
0.6506336973859373	0.3493663026140623
0.6520883315831095	0.34791166841689014
0.651551788623001	0.34844821137699866
0.6506722297543226	0.3493277702456771
0.6527521022470243	0.3472478977529754
0.6533324440614294	0.3466675559385702
0.6519573826582903	0.3480426173417093
0.6515896593404149	0.34841034065958476
0.6526560848095061	0.34734391519049357
0.653230836029343	0.3467691639706567
0.6502528542519276	0.3497471457480721
0.65123716503611	0.3487628349638897
0.651521026444016	0.3484789735559837
0.6511715036060146	0.348828496393985
0.6518365656109771	0.34816343438902253
0.65299118909472	0.3470088109052797
0.6504084604001354	0.3495915395998642
0.6530900400469194	0.34690995995308027
0.6506703557104994	0.3493296442895003
0.6532130104647668	0.3467869895352329
0.6531762978856881	0.34682370211431157
0.651184668092954	0.34881533190704567
0.6518195488553171	0.3481804511446826
0.6514641735664304	0.3485358264335693
0.6508709690623313	0.3491290309376684
0.650289098422774	0.34971090157722556
0.65142697543635	0.3485730245636497
0.6523936356164588	0.3476063643835409
0.6532315071201128	0.34676849287988687
0.6507351081313129	0.34926489186868676
0.6517995086301464	0.3482004913698533
0.650602970154406	0.3493970298455936
0.6503716381404894	0.3496283618595103
0.6517074170901752	0.34829258290982446
0.6525154048775339	0.34748459512246577
0.6530521947371679	0.3469478052628318
0.6522854712982279	0.3477145287017718
0.6506398727997592	0.34936012720024046
0.6526422860654698	0.34735771393452985
0.652018626530159	0.3479813734698407
0.651619166395637	0.3483808336043626
0.6528675156203325	0.34713248437966715
0.6508206537634298	0.3491793462365698
0.6512341436364273	0.3487658563635724
0.651070913774151	0.3489290862258486
0.6501629599435379	0.3498370400564617
0.6506465084802906	0.34935349151970907
0.6529806863130729	0.34701931368692673
0.6525475014426214	0.34745249855737825
0.6513071707229634	0.3486928292770363
0.6527819352651136	0.3472180647348861
0.6526319952827531	0.3473680047172466
0.6535033181190109	0.3464966818809888
0.6510231694358256	0.34897683056417406
0.6524563379961625	0.3475436620038372
0.6509357653711293	0.3490642346288704
0.6521105150084646	0.34788948499153505
0.6505007574078211	0.34949924259217857
0.6516815121887998	0.3483184878111999
0.6514538726087419	0.3485461273912578
0.650269191571939	0.34973080842806076
0.650238887021658	0.3497611129783416
0.6509023829960043	0.34909761700399533
0.6511904880928353	0.34880951190716436
0.6530682521943784	0.3469317478056213
0.6534230746717143	0.3465769253282853
0.6521626521818733	0.3478373478181263
0.652319944745297	0.3476800552547027
0.6503754923503346	0.3496245076496651
0.6521020918079905	0.34789790819200916
0.6515330547283928	0.3484669452716068
0.6517719507640868	0.3482280492359129
0.6528571619375563	0.3471428380624434
0.6534615250474927	0.346538474952507
0.6517330287370701	0.3482669712629296
0.6514461016983001	0.3485538983016996
0.6522079961628658	0.3477920038371338
0.65299229493513	0.34700770506486966
0.6523203048040003	0.3476796951959994
0.652383868262263	0.34761613173773664
0.6523585726177847	0.34764142738221493
0.6510460291084312	0.34895397089156843
0.6526967314959559	0.3473032685040438
0.6503999929723918	0.3496000070276079
0.6513618006307598	0.34863819936923984
0.6511208630705928	0.34887913692940686
0.652967148331989	0.3470328516680107
0.6524747637531296	0.34752523624687
0.6510742385101792	0.34892576148982046
0.6521347275400706	0.3478652724599291
0.6504944245972688	0.3495055754027309
0.6506386117870908	0.3493613882129088
0.6531025529016368	0.3468974470983629
0.6530046441414867	0.34699535585851293
0.6520873029388735	0.34791269706112615
0.6528520281665116	0.34714797183348817
0.6529339265775242	0.3470660734224755
0.6518800121690048	0.34811998783099485
0.6529009523434999	0.34709904765649974
0.6522620955980281	0.3477379044019716
0.6509691336199317	0.349030866380068
0.6519018570904147	0.348098142909585
0.652493485053945	0.3475065149460546
0.653166254362262	0.34683374563773767
0.6522425689413398	0.3477574310586598
0.6534164500196332	0.34658354998036645
0.6531349618402307	0.346865038159769
0.6518189897510367	0.348181010248963
0.6529176288111931	0.3470823711888066
0.6534424511119692	0.3465575488880305
0.651153037146057	0.3488469628539426
0.6510242128985798	0.34897578710141985
0.6510489635293497	0.34895103647064996
0.6528602636062074	0.34713973639379225
0.6531167872945821	0.34688321270541755
0.6505132218991769	0.34948677810082274
0.6530285241955661	0.34697147580443355
0.6533370257967128	0.34666297420328684
0.6507045156716558	0.34929548432834395
0.6504288535094124	0.3495711464905873
0.6531191571537414	0.34688084284625836
0.6526584075614129	0.34734159243858675
0.651896542313635	0.34810345768636464
0.6517949984597575	0.3482050015402421
0.6518898684114468	0.34811013158855286
0.6528441441830621	0.34715585581693753
0.6517645328152025	0.34823546718479714
0.6515652152058573	0.3484347847941424
0.6515126297004262	0.34848737029957344
0.6528264516208051	0.3471735483791946
0.6513940747190579	0.34860592528094175
0.6506457700951067	0.34935422990489295
0.6513322474394694	0.3486677525605303
0.6516432860084771	0.3483567139915225
0.650774183280111	0.34922581671988867
0.6506055131517149	0.3493944868482848
0.6510977952797559	0.3489022047202438
0.6508901884850804	0.3491098115149193
0.6509590880453282	0.34904091195467146
0.6531312285756692	0.3468687714243305
0.6529810152264678	0.3470189847735319
0.651332124005993	0.34866787599400656
0.6530914059025177	0.34690859409748204
0.6504825201940614	0.3495174798059383
0.6527396840376256	0.347260315962374
0.6512570990072785	0.3487429009927212
0.6502981173974112	0.3497018826025885
0.6515004577761851	0.3484995422238145
0.6508630418546039	0.3491369581453958
0.6514598103892448	0.34854018961075484
0.6504249260986742	0.3495750739013255
0.6523185617912536	0.3476814382087461
0.6513930217398365	0.3486069782601632
0.651534454807302	0.3484655451926977
0.6506062927600904	0.34939370723990926
0.6506360533855926	0.3493639466144071
0.6510011376657785	0.3489988623342211
0.6516661702332208	0.34833382976677885
0.6509603926426648	0.34903960735733486
0.6518171172282852	0.34818288277171444
0.6533193263661264	0.3466806736338732
0.6531977629646007	0.3468022370353989
0.6534834007757291	0.3465165992242706
0.6511074915037263	0.3488925084962734
0.6512982153151186	0.3487017846848811
0.6507540433979642	0.3492459566020355
0.6530727027007838	0.3469272972992159
0.652551963592236	0.34744803640776367
0.6518891747933615	0.34811082520663816
0.6516873342298434	0.3483126657701563
0.6517844818602806	0.34821551813971907
0.652822994135743	0.3471770058642567
0.6504376660364808	0.34956233396351893
0.6515115510584375	0.3484884489415621
0.6507286544926284	0.34927134550737127
0.6524889244330851	0.3475110755669145
0.6504095993078398	0.34959040069215985
0.6534776677827564	0.34652233221724327
0.652007868267235	0.34799213173276466
0.652097688263187	0.34790231173681263
0.6512363986364341	0.34876360136356555
0.6512466597381137	0.348753340261886
0.6534889799813516	0.3465110200186481
0.6506063215293968	0.3493936784706029
0.6524513163261432	0.3475486836738565
0.6514238696495467	0.348576130350453
0.6522442476103896	0.34775575238961015
0.6506202654865773	0.3493797345134224
0.6528025416524696	0.34719745834752996
0.6508189394968578	0.34918106050314185
0.6531387458502746	0.34686125414972496
0.6503263995178568	0.3496736004821429
0.651116210707159	0.3488837892928407
0.6523738751047538	0.3476261248952459
0.6535269923791207	0.3464730076208789
0.6533094492738146	0.34669055072618504
0.6517949808648347	0.34820501913516494
0.652870272380445	0.34712972761955463
0.6505352315129994	0.34946476848700025
0.6528620871807708	0.3471379128192289
0.6533821112997916	0.34661788870020804
0.652208156095568	0.34779184390443163
0.6512010319035354	0.34879896809646427
0.6515611749977529	0.34843882500224677
0.6506802382327935	0.34931976176720614
0.6517581119135294	0.3482418880864702
0.6507324906056857	0.34926750939431395
0.6527795231089337	0.3472204768910659
0.6509067448706896	0.3490932551293101
0.6521801637779857	0.34781983622201396
0.6533357843119938	0.34666421568800593
0.6515185530121915	0.34848144698780814
0.6506257324501308	0.3493742675498689
0.6526911933649402	0.3473088066350594
0.6516527416443082	0.34834725835569147
0.6521387886549698	0.3478612113450299
0.6521573578875185	0.34784264211248117
0.6511974023376099	0.34880259766238975
0.6502442228795291	0.34975577712047057
0.6515300696517495	0.34846993034825013
0.6512140697661875	0.3487859302338122
0.6532142507151234	0.34678574928487627
0.6525101657910004	0.34748983420899926
0.6510692950685394	0.3489307049314603
0.651430352010339	0.3485696479896606
0.6526712165059498	0.3473287834940499
0.6529006141822375	0.3470993858177622
0.653192186499184	0.3468078135008157
0.6512858703554574	0.3487141296445423
0.6515582477071656	0.34844175229283403
0.6512433368073413	0.3487566631926584
0.6525501080554503	0.3474498919445494
0.650608191643272	0.3493918083567277
0.6527897553226235	0.34721024467737616
0.652036849108748	0.3479631508912517
0.6507719729645246	0.34922802703547506
0.6514650544510457	0.3485349455489539
0.6513685114393393	0.34863148856066034
0.6524395825606477	0.347560417439352
0.6513989783593784	0.34860102164062123
0.6532923577385921	0.34670764226140754
0.6505598423887795	0.3494401576112202
0.6503700475622918	0.34962995243770795
0.6534705992700625	0.3465294007299372
0.6512517015626885	0.34874829843731114
0.6517656395212895	0.34823436047871015
0.6522100265112775	0.3477899734887222
0.6507321080678016	0.3492678919321981
0.6509016134241464	0.34909838657585324
0.6513244080729143	0.3486755919270854
0.6514220820047838	0.3485779179952158
0.6507930150050336	0.34920698499496605
0.6532292736840882	0.34677072631591144
0.6502248325708208	0.3497751674291789
0.6528004658110386	0.3471995341889611
0.6526677371733237	0.34733226282667595
0.6520763359276769	0.3479236640723228
0.6526909242247653	0.3473090757752344
0.6531421656539668	0.3468578343460329
0.6512576020543062	0.34874239794569356
0.6506293552216615	0.3493706447783381
0.6531954971454332	0.3468045028545664
0.6523277663889057	0.347672233611094
0.6525521605162304	0.3474478394837692
0.6531699740424212	0.3468300259575785
0.6533062204763433	0.34669377952365626
0.6527074710377347	0.347292528962265
0.6503784182187642	0.3496215817812355
0.6529377041203137	0.34706229587968596
0.6508678058720705	0.3491321941279292
0.6508459440309844	0.34915405596901533
0.6523032350777791	0.34769676492222057
0.6509045936054773	0.3490954063945224
0.6507363896968669	0.3492636103031328
0.6533919680782759	0.34660803192172374
0.6506862418788097	0.3493137581211899
0.6503683440923517	0.349631655907648
0.6517503760408623	0.3482496239591374
0.6505071203329007	0.34949287966709897
0.6524569828602738	0.3475430171397259
0.6533173731101831	0.34668262688981655
0.6519928698221331	0.3480071301778665
0.6511423086451977	0.3488576913548019
0.6501865066226621	0.3498134933773376
0.6509407631282909	0.34905923687170876
0.6533527986942269	0.34664720130577276
0.6521184580298383	0.3478815419701614
0.6518013195545124	0.3481986804454873
0.6522419835299811	0.3477580164700186
0.6530240762514882	0.3469759237485115
0.6530604134303638	0.34693958656963586
0.6522152234816634	0.3477847765183362
0.6512378449987288	0.3487621550012708
0.6501625099176929	0.34983749008230686
0.6510470753275336	0.3489529246724661
0.6511463522282247	0.34885364777177497
0.6511162588330888	0.34888374116691095
0.6516663365319519	0.3483336634680477
0.653358342743078	0.34664165725692164
0.6524506707731943	0.34754932922680537
0.6524590959432368	0.34754090405676286
0.6517637765524309	0.3482362234475688
0.6534742646277881	0.34652573537221154
0.652912636443859	0.34708736355614067
0.6530494346111142	0.34695056538888547
0.6518235337146222	0.34817646628537746
0.6526235648640255	0.3473764351359742
0.6517924696357484	0.3482075303642512
0.6519301259810086	0.348069874018991
0.6511105008596246	0.34888949914037504
0.6508305066309772	0.3491694933690225
0.6534158455759285	0.3465841544240712
0.6522010699622657	0.347798930037734
0.6505789685561119	0.3494210314438878
0.6531894499309738	0.3468105500690259
0.6533876189241549	0.3466123810758448
0.6534514115443181	0.3465485884556816
0.6516118062754868	0.34838819372451285
0.6517908261798211	0.3482091738201786
0.6516245759264399	0.3483754240735598
0.6519408967371181	0.3480591032628816
0.6515243430366358	0.3484756569633639
0.6512669695175451	0.3487330304824545
0.6522122796251836	0.3477877203748161
0.6507961351087144	0.34920386489128524
0.6511456438857626	0.34885435611423704
0.6512125089553658	0.3487874910446339
0.6518938433425139	0.3481061566574858
0.6532135677597679	0.3467864322402317
0.6532027342514282	0.3467972657485715
0.6532704035246273	0.34672959647537244
0.6527046024905334	0.3472953975094662
0.6513989578068073	0.3486010421931923
0.6526023721886925	0.3473976278113071
0.6502219436198632	0.3497780563801365
0.6518820912141094	0.3481179087858902
0.6507874090564207	0.349212590943579
0.6509813423307712	0.34901865766922846
0.6510222136491666	0.3489777863508331
0.6512053448032626	0.34879465519673697
0.6518791210401782	0.34812087895982147
0.6514605838747689	0.34853941612523076
0.6507032719348644	0.34929672806513523
0.6521631047349836	0.347836895265016
0.6510047177365397	0.34899528226346005
0.6533201333539952	0.3466798666460045
0.6511294963644275	0.34887050363557215
0.6507921044669742	0.34920789553302545
0.6503236477984253	0.34967635220157434
0.6531931557235067	0.34680684427649294
0.6533482262099106	0.34665177379008905
0.6518591787757894	0.3481408212242103
0.6505467282316097	0.3494532717683899
0.6517141514698184	0.34828584853018135
0.6504592031593197	0.3495407968406799
0.6517012623483536	0.3482987376516461
0.6522752401666977	0.347724759833302
0.6533435287818202	0.34665647121817944
0.6510182501116686	0.3489817498883311
0.6531573615790931	0.3468426384209066
0.6504587223009354	0.3495412776990643
0.653481126237909	0.34651887376209073
0.6515512901488827	0.34844870985111703
0.6517118498204959	0.34828815017950376
0.6514283059509731	0.3485716940490265
0.6528534098239317	0.34714659017606797
0.6510716841171645	0.3489283158828351
0.6509703994032904	0.3490296005967093
0.6511931860065439	0.34880681399345587
0.6532850020168828	0.3467149979831169
0.6533940187548769	0.34660598124512276
0.6515109414642086	0.348489058535791
0.6532392787953886	0.3467607212046111
0.6520381372846933	0.3479618627153064
0.6521136864731153	0.34788631352688437
0.6503214743260244	0.3496785256739753
0.6509367799704319	0.3490632200295678
0.6516228866210223	0.34837711337897737
0.6521032777834443	0.3478967222165553
0.6512491524723023	0.34875084752769736
0.6513550688625402	0.3486449311374594
0.6507984022434447	0.349201597756555
0.6503011055253617	0.349698894474638
0.6515231638977147	0.34847683610228497
0.6511247362335297	0.34887526376646993
0.6534087883432304	0.3465912116567693
0.6524799892461397	0.34752001075385996
0.65095268557103	0.34904731442896964
0.6502585182616892	0.34974148173831043
0.653251653521358	0.3467483464786418
0.6532555644183847	0.34674443558161494
0.6502692053525418	0.3497307946474578
0.6506105905060083	0.34938940949399133
0.6508527557829811	0.3491472442170186
0.6513846189921939	0.34861538100780576
0.6531894173458818	0.3468105826541179
0.6508411021130869	0.34915889788691273
0.6507606804938036	0.349239319506196
0.6533654808195957	0.34663451918040394
0.6510751565120305	0.34892484348796915
0.6507048626113268	0.3492951373886729
0.650222700520827	0.3497772994791727
0.6502909709593232	0.34970902904067647
0.6506294251466564	0.34937057485334316
0.6516690078350917	0.3483309921649079
0.6503586152616347	0.3496413847383649
0.6518569769825928	0.34814302301740685
0.6530587702290467	0.34694122977095293
0.651602402630458	0.3483975973695417
0.6527470143203357	0.347252985679664
0.6514530318531782	0.3485469681468215
0.6508302610905811	0.3491697389094186
0.6522887120087274	0.34771128799127227
0.650679695710147	0.3493203042898526
0.6519730428865538	0.34802695711344583
0.6522559311915077	0.347744068808492
0.651211993392135	0.3487880066078647
0.6502271991209112	0.3497728008790885
0.6531958561558571	0.3468041438441426
0.6512387799711882	0.3487612200288115
0.6503594435211084	0.34964055647889125
0.6508589229082823	0.3491410770917174
0.6525010792286882	0.3474989207713115
0.6520312614495727	0.3479687385504269
0.6508752261902411	0.34912477380975865
0.6517862371413325	0.3482137628586671
0.652621169472281	0.3473788305277186
0.6502232823440144	0.3497767176559853
0.6534865449758551	0.34651345502414455
0.6512797746500336	0.34872022534996605
0.6519661889891243	0.3480338110108754
0.6519055403600754	0.34809445963992425
0.6507771192868326	0.3492228807131671
0.6523848592926826	0.347615140707317
0.6516814730359635	0.3483185269640362
0.6524833835863896	0.3475166164136101
0.6513066013563522	0.34869339864364746
0.6517955824059168	0.3482044175940828
0.6508828120898277	0.349117187910172
0.6502581558392841	0.3497418441607155
0.6517411896673168	0.3482588103326829
0.6520949066266197	0.3479050933733799
0.6522227978121895	0.34777720218781016
0.6533157700245211	0.34668422997547854
0.652077787305304	0.3479222126946957
0.6512973364395263	0.34870266356047347
0.6505133128709115	0.34948668712908815
0.6509706669168671	0.3490293330831326
0.6524589083627259	0.34754109163727376
0.6523987958297871	0.34760120417021256
0.6506259507518645	0.3493740492481352
0.6529741112947459	0.34702588870525375
0.6521606118939236	0.34783938810607606
0.6531595032002023	0.34684049679979734
0.6512714386044165	0.34872856139558317
0.6502984589871061	0.3497015410128935
0.6514640963129591	0.34853590368704057
0.6519463265229302	0.34805367347706945
0.6522960611252763	0.3477039388747234
0.6503982020258577	0.3496017979741419
0.651754675360241	0.3482453246397587
0.6502137796679197	0.34978622033207996
0.6502242663035602	0.3497757336964394
0.651054189077237	0.3489458109227626
0.651438976108522	0.3485610238914777
0.6531838993982061	0.3468161006017936
0.6525864834052643	0.3474135165947354
0.6508149757718076	0.3491850242281921
0.6507536312582654	0.34924636874173437
0.6504509456108366	0.34954905438916306
0.6515356862257164	0.3484643137742832
0.6504536010123385	0.34954639898766116
0.6515425092524884	0.3484574907475113
0.6528356032668643	0.3471643967331353
0.6503079256810487	0.349692074318951
0.6504123927832881	0.34958760721671156
0.6531228809682068	0.3468771190317929
0.6517269258145278	0.3482730741854718
0.6524609963655081	0.34753900363449153
0.6505061560464018	0.34949384395359784
0.6532367484302861	0.3467632515697136
0.6525935391537984	0.3474064608462013
0.6529138544544504	0.34708614554554934
0.6507110425266269	0.3492889574733728
0.6515576497104965	0.34844235028950316
0.650368097774005	0.3496319022259947
0.6508911677586687	0.34910883224133094
0.6535275260220088	0.3464724739779909
0.6531494273254079	0.34685057267459174
0.6529930750178657	0.3470069249821339
0.6511661514562679	0.3488338485437318
0.6518484567148788	0.3481515432851208
0.651656223735009	0.3483437762649907
0.650529106852959	0.3494708931470407
0.6505915508847977	0.34940844911520197
0.6518681743326991	0.3481318256673006
0.6528150641899211	0.3471849358100786
0.6507084582669829	0.3492915417330168
0.6512426051497556	0.34875739485024404
0.6532348906057033	0.3467651093942964
0.6506023711308446	0.3493976288691551
0.6520660375315186	0.3479339624684811
0.6525838617717743	0.34741613822822537
0.6525455803058327	0.34745441969416707
0.6503314556277671	0.34966854437223266
0.650285515934449	0.3497144840655506
0.6528406089887151	0.34715939101128457
0.6521056821101331	0.3478943178898666
0.650521952259215	0.3494780477407846
0.6518175473214975	0.3481824526785021
0.652206054931864	0.3477939450681356
0.6516423351712278	0.34835766482877184
0.6506268813519215	0.3493731186480782
0.6520998454818856	0.347900154518114
0.6515754377443648	0.34842456225563495
0.6523710272460121	0.3476289727539875
0.6506520524210231	0.3493479475789765
0.6521284797746507	0.3478715202253489
0.6519633016347386	0.348036698365261
0.650723214822958	0.34927678517704164
0.6505217061518476	0.3494782938481521
0.6523603560033802	0.3476396439966195
0.6529880850698766	0.34701191493012307
0.6514879478146826	0.3485120521853171
0.6515409156426961	0.3484590843573036
0.6534127587180647	0.34658724128193497
0.6507513412185837	0.349248658781416
0.6530106357566487	0.3469893642433509
0.651179073539681	0.3488209264603187
0.6534554746040498	0.3465445253959498
0.6521632146135063	0.3478367853864934
0.6533052077442872	0.3466947922557124
0.6506648760221614	0.3493351239778382
0.6521940365612516	0.34780596343874803
0.6507584668889376	0.3492415331110621
0.6515939116881958	0.34840608831180386
0.6503830655496681	0.3496169344503316
0.6520246625526598	0.3479753374473399
0.6530292869072706	0.3469707130927291
0.6511547376395368	0.34884526236046287
0.6507318521981253	0.3492681478018743
0.65148437986714	0.34851562013285964
0.6508076609403515	0.34919233905964814
0.6529747571370104	0.34702524286298925
0.6504782985212914	0.3495217014787083
0.6515649269054765	0.34843507309452315
0.6514249906423095	0.3485750093576901
0.6518030884706071	0.3481969115293926
0.6511111645712548	0.3488888354287448
0.6533213886877687	0.34667861131223104
0.650701760272825	0.34929823972717466
0.6525468194562345	0.3474531805437651
0.6510336650257379	0.34896633497426177
0.6514329877687479	0.34856701223125175
0.652077867761561	0.3479221322384387
0.6521251674236928	0.3478748325763069
0.6513196815254692	0.34868031847453057
0.652178612840039	0.3478213871599607
0.6505974120158473	0.34940258798415236
0.6509190605423646	0.3490809394576351
0.6520422190592153	0.34795778094078433
0.6505307710522846	0.34946922894771504
0.6512170311351553	0.34878296886484444
0.6507234267409261	0.3492765732590735
0.6504715576266804	0.3495284423733193
0.6517902480694322	0.3482097519305674
0.6505643671074048	0.3494356328925949
0.6508016232148756	0.3491983767851241
0.6529972129114503	0.34700278708854937
0.6510130425805148	0.3489869574194848
0.6532893347103368	0.3467106652896629
0.6507554878730211	0.3492445121269786
0.6519416772734288	0.3480583227265709
0.6522062314985269	0.34779376850147276
0.6504444657242675	0.34955553427573216
0.652392937367299	0.3476070626327007
0.6527138387420464	0.3472861612579533
0.6512517808558602	0.3487482191441395
0.6512788391920838	0.3487211608079158
0.6523484069622022	0.34765159303779747
0.6515452037995866	0.3484547962004131
0.6525411299778469	0.3474588700221528
0.6523870909076566	0.3476129090923431
0.6514986646983154	0.34850133530168426
0.6509408378020591	0.34905916219794053
0.6504359025996017	0.34956409740039796
0.652394586160747	0.3476054138392527
0.6506100427898763	0.34938995721012334
0.6531768756152156	0.34682312438478397
0.6520919965382945	0.34790800346170514
0.6520522509761263	0.3479477490238734
0.6501921839324141	0.34980781606758565
0.6517138617519378	0.3482861382480618
0.6534175855212453	0.3465824144787544
0.6512994316495904	0.3487005683504093
0.6514911373878093	0.3485088626121904
0.6513065709038426	0.3486934290961571
0.6525805366025248	0.3474194633974749
0.6501792278192935	0.34982077218070623
0.6522776554619099	0.3477223445380898
0.6534090156396206	0.346590984360379
0.6505360008252976	0.34946399917470206
0.6531375818442386	0.346862418155761
0.6528769996292891	0.34712300037071053
0.6530499088242067	0.346950091175793
0.6526438917902833	0.3473561082097164
0.6511236755484591	0.3488763244515406
0.6517532984777787	0.34824670152222087
0.652054484365197	0.3479455156348027
0.651866057639348	0.34813394236065165
0.6515097273825545	0.3484902726174452
0.6518464927817244	0.3481535072182753
0.6535159527771532	0.3464840472228465
0.652559941141033	0.3474400588589666
0.6513093758685833	0.3486906241314164
0.6524277119266584	0.3475722880733413
0.6507707853854368	0.3492292146145629
0.6505252583921446	0.3494747416078551
0.651367190773294	0.3486328092267057
0.6505208640610671	0.34947913593893254
0.6510113531062857	0.348988646893714
0.653187261374841	0.3468127386251587
0.6502408429969382	0.3497591570030615
0.6505065402914619	0.34949345970853773
0.6513546588216531	0.34864534117834656
0.6532443140726713	0.3467556859273284
0.6518756020882195	0.3481243979117802
0.6522680645644171	0.34773193543558256
0.6535104767831605	0.34648952321683907
0.6512220518796605	0.34877794812033913
0.6510454527727128	0.34895454722728686
0.6529437704351927	0.347056229564807
0.6506517785819974	0.3493482214180022
0.6508441832042946	0.349155816795705
0.651483348499591	0.34851665150040867
0.6525566701239593	0.34744332987604026
0.6530214528442461	0.3469785471557536
0.6512077139076798	0.3487922860923198
0.6529972783419583	0.34700272165804136
0.6513485685336255	0.34865143146637406
0.6525269986111504	0.3474730013888493
0.6505830941881768	0.34941690581182283
0.6527526807177828	0.3472473192822168
0.6504479879842642	0.3495520120157355
0.6522399201668528	0.34776007983314683
0.6528619304774065	0.3471380695225932
0.6515605453274084	0.3484394546725913
0.652572341007831	0.3474276589921686
0.6530324290925745	0.34696757090742514
0.6528569864118359	0.34714301358816385
0.6515482723342059	0.3484517276657938
0.6502151876444443	0.34978481235555536
0.6521382867790712	0.3478617132209285
0.6517849882120845	0.3482150117879152
0.6505478479958631	0.34945215200413654
0.6510124009352594	0.3489875990647403
0.650316253810044	0.34968374618995574
0.6511033015154407	0.34889669848455895
0.6508411609587555	0.3491588390412441
0.6526900933877224	0.3473099066122773
0.6518862767076541	0.3481137232923456
0.6510666288241886	0.348933371175811
0.6511005651380568	0.3488994348619429
0.6505428228082609	0.34945717719173874
0.6522706328868317	0.34772936711316793
0.650698026196342	0.34930197380365774
0.6523963147910472	0.34760368520895246
0.6503539579346747	0.34964604206532496
0.653147927655528	0.3468520723444717
0.6512732896702512	0.34872671032974845
0.6515342493493401	0.3484657506506596
0.6511772881489583	0.3488227118510414
0.6520225794205095	0.34797742057949027
0.6509095602032213	0.34909043979677834
0.6526443547103985	0.34735564528960117
0.6513642533932045	0.3486357466067952
0.6532037443733535	0.3467962556266462
0.6516420042883653	0.34835799571163434
0.652814766162312	0.3471852338376877
0.6522233309202377	0.347776669079762
0.6525335275522152	0.3474664724477845
0.6516478392720171	0.3483521607279826
0.6518578660592571	0.3481421339407425
0.6534750615951028	0.34652493840489684
0.6508204643703167	0.34917953562968296
0.6508914095706874	0.3491085904293123
0.6532936012955041	0.3467063987044956
0.6502682716618995	0.3497317283381001
0.6520739453883251	0.34792605461167464
0.6510861025964823	0.3489138974035174
0.6532243500454853	0.3467756499545144
0.6534219646890955	0.34657803531090414
0.6520756533599306	0.34792434664006905
0.6505530856820911	0.34944691431790853
0.6507277577209647	0.349272242279035
0.6501978099834066	0.3498021900165931
0.6523872407629219	0.34761275923707774
0.6526999215836834	0.34730007841631627
0.6509613634248211	0.34903863657517853
0.6533436587599627	0.34665634124003697
0.652456442593669	0.3475435574063307
0.6515794116769913	0.3484205883230084
0.6530383999417262	0.3469616000582735
0.6508127180463184	0.34918728195368137
0.6512928112833173	0.3487071887166824
0.6534501825970478	0.3465498174029519
0.6512909343765396	0.34870906562346
0.6507228011837005	0.3492771988162992
0.653443331422903	0.34655666857709666
0.6528800734067274	0.3471199265932723
0.6521704863220095	0.3478295136779902
0.6533763461660147	0.346623653833985
0.6524690875730967	0.3475309124269029
0.6526077597225907	0.347392240277409
0.6516061777028719	0.3483938222971278
0.6531991023758283	0.3468008976241713
0.6518799156802497	0.3481200843197499
0.651734764915527	0.3482652350844727
0.6510992625491696	0.34890073745083006
0.6511765074015643	0.3488234925984354
0.6512335581998971	0.3487664418001025
0.6531194448923997	0.34688055510759996
0.65217106913652	0.34782893086347966
0.652471189941397	0.3475288100586027
0.6504050212815996	0.34959497871840006
0.6513319682974439	0.3486680317025558
0.6510683615953755	0.34893163840462416
0.6512061097631883	0.3487938902368114
0.6504349626227763	0.34956503737722333
0.6531493599049454	0.34685064009505423
0.6505384283236695	0.3494615716763302
0.650440409301616	0.3495595906983837
0.6513240715407919	0.3486759284592078
0.6506978904902925	0.3493021095097072
0.6508650290427882	0.34913497095721147
0.6514628675873881	0.3485371324126116
0.6506638458075154	0.34933615419248437
0.65116677056825	0.34883322943174966
0.6520994505484994	0.34790054945150023
0.6527211960242221	0.3472788039757776
0.6531313688392026	0.346868631160797
0.6527658965700467	0.34723410342995303
0.652160088387536	0.34783991161246364
0.6533783503221545	0.34662164967784515
0.6524774485941103	0.34752255140588934
0.6532466736295246	0.3467533263704751
0.6533609940806415	0.34663900591935815
0.652953257293566	0.34704674270643365
0.6504519061438013	0.34954809385619834
0.6521006762916353	0.3478993237083644
0.6520596007226435	0.3479403992773562
0.6504955317318245	0.34950446826817516
0.6515385200920276	0.34846147990797205
0.6518020728657405	0.3481979271342592
0.6531848555431191	0.34681514445688055
0.6511128900831182	0.3488871099168815
0.6501581292189207	0.349841870781079
0.6511895189526845	0.34881048104731516
0.6532471727177334	0.3467528272822663
0.652143894997061	0.3478561050029386
0.650459645942201	0.34954035405779865
0.6521868454753668	0.34781315452463285
0.6503584431558459	0.34964155684415377
0.6507314218975908	0.34926857810240886
0.652557613889622	0.3474423861103777
0.6532972416113036	0.346702758388696
0.6517232824101561	0.3482767175898436
0.6512844395347444	0.34871556046525526
0.6534069199824784	0.3465930800175213
0.6512053848252728	0.3487946151747269
0.650964663504877	0.34903533649512264
0.6510341695055393	0.3489658304944604
0.6522035004385041	0.3477964995614956
0.6512427018276735	0.34875729817232615
0.6515516519061826	0.34844834809381714
0.6532538116778718	0.3467461883221279
0.6534958336018748	0.34650416639812487
0.6511561024749388	0.3488438975250608
0.6526252032745861	0.3473747967254136
0.6508528752931466	0.34914712470685305
0.6513529221930435	0.34864707780695614
0.6513133726541851	0.3486866273458145
0.6526547042066515	0.34734529579334816
0.6501753000804803	0.34982469991951937
0.6522999290193159	0.3477000709806838
0.6504063002044853	0.3495936997955144
0.6529077858794661	0.34709221412053354
0.6504924790224454	0.3495075209775542
0.6509965966538185	0.3490034033461812
0.6507748500840742	0.3492251499159255
0.6526567809900374	0.3473432190099623
0.6530203880459605	0.34697961195403915
0.650993988909544	0.34900601109045565
0.652284712718121	0.3477152872818786
0.6527529691262016	0.34724703087379805
0.6511995878806491	0.3488004121193506
0.653350604218103	0.3466493957818967
