0.6758172832176552	0.32418271678234445
0.6753331185572855	0.32466688144271416
0.6754210204306756	0.32457897956932397
0.675723939422642	0.32427606057735764
0.6763487101113017	0.32365128988869796
0.6751386956271503	0.3248613043728493
0.6751960470155552	0.3248039529844444
0.6772274827379836	0.32277251726201606
0.6768473677741182	0.3231526322258814
0.6767584266883101	0.32324157331168957
0.6753502941770075	0.32464970582299213
0.6752944472248326	0.3247055527751671
0.6758992504640291	0.32410074953597057
0.6748954291141285	0.32510457088587114
0.6744901072576829	0.3255098927423168
0.6752289038586551	0.3247710961413446
0.676253054427912	0.3237469455720877
0.6743402104485527	0.3256597895514469
0.676081749148291	0.32391825085170867
0.675128794431972	0.3248712055680276
0.6753902184256011	0.3246097815743985
0.6743781419716439	0.32562185802835575
0.6771430348053208	0.3228569651946789
0.675921373471461	0.3240786265285387
0.6750592586931576	0.3249407413068421
0.6761355375580663	0.32386446244193334
0.675535189198964	0.32446481080103556
0.6750142778967252	0.3249857221032745
0.6761307640814906	0.323869235918509
0.6755376871933756	0.3244623128066241
0.6750479017970712	0.32495209820292853
0.6751829083238153	0.32481709167618433
0.6764199053799208	0.32358009462007886
0.6756213027710886	0.3243786972289111
0.6765154323484571	0.32348456765154254
0.6753439909915571	0.3246560090084426
0.6765173444505406	0.3234826555494591
0.6771061531593398	0.3228938468406599
0.6759034615318864	0.32409653846811326
0.6751458040191386	0.32485419598086107
0.6759584720757186	0.32404152792428115
0.6755635817291347	0.324436418270865
0.6755263873101265	0.3244736126898731
0.6745754752415736	0.32542452475842615
0.6744253912212227	0.325574608778777
0.6768884147044472	0.32311158529555256
0.6761884308742272	0.3238115691257725
0.6761307403367015	0.32386925966329816
0.6745429374245577	0.32545706257544194
0.6760565188801465	0.32394348111985316
0.6757100289230931	0.3242899710769066
0.6753500817480607	0.32464991825193906
0.676678956343223	0.3233210436567767
0.6754598493020938	0.32454015069790587
0.6749291472075445	0.3250708527924551
0.6770074762772818	0.322992523722718
0.6758725436062454	0.3241274563937543
0.676135183475263	0.32386481652473664
0.676039526694781	0.32396047330521877
0.6745339941496695	0.32546600585033014
0.6755245304878215	0.32447546951217815
0.674893602241787	0.3251063977582127
0.6759952125153328	0.3240047874846669
0.6767382664139461	0.32326173358605365
0.6759056897715184	0.32409431022848123
0.6754087140704478	0.3245912859295519
0.6772045772943284	0.3227954227056713
0.6760339407412874	0.3239660592587123
0.6744514033375977	0.325548596662402
0.6770661196150906	0.3229338803849091
0.6768130098578153	0.32318699014218427
0.6753742016478974	0.32462579835210226
0.6764229633481258	0.3235770366518739
0.6750534745636777	0.32494652543632196
0.6758308797670886	0.3241691202329111
0.6761134777125221	0.3238865222874776
0.6771999643082782	0.32280003569172144
0.676757461536135	0.32324253846386464
0.6760530243076533	0.3239469756923463
0.6759941170997339	0.32400588290026583
0.675567034459694	0.3244329655403057
0.674525529187285	0.32547447081271463
0.6767078091416978	0.3232921908583018
0.6749096130847805	0.3250903869152192
0.6763132228219021	0.3236867771780976
0.6749818189597208	0.32501818104027885
0.6748163097945195	0.3251836902054802
0.6769982525917512	0.3230017474082485
0.676041150813856	0.3239588491861437
0.6747508294797019	0.3252491705202978
0.6750499231830267	0.32495007681697297
0.6768083723294142	0.3231916276705855
0.6772512561494495	0.32274874385055013
0.6769132466163857	0.3230867533836139
0.675528443163688	0.3244715568363117
0.6762773994710286	0.32372260052897106
0.6749139995185881	0.32508600048141156
0.6743779746955072	0.32562202530449247
0.6763120948384895	0.3236879051615102
0.6771620757075696	0.3228379242924301
0.6760671684992167	0.323932831500783
0.6749445996372374	0.32505540036276226
0.6753055169922224	0.32469448300777726
0.6746217626068871	0.32537823739311256
0.6750508423143879	0.3249491576856117
0.6757982725043274	0.3242017274956723
0.6769320506480287	0.32306794935197086
0.6763655887465819	0.32363441125341774
0.6758073107892811	0.32419268921071853
0.6750290105457164	0.3249709894542833
0.6757022307792774	0.3242977692207223
0.6771629215937235	0.3228370784062762
0.6772719639780248	0.32272803602197486
0.6759358317960813	0.3240641682039184
0.6756041318445687	0.3243958681554309
0.6751156436213029	0.3248843563786967
0.6764250760545747	0.323574923945425
0.676310809014035	0.3236891909859647
0.6767118100381171	0.3232881899618826
0.6755684028158783	0.3244315971841214
0.6743542996070282	0.32564570039297147
0.6753927680004013	0.3246072319995984
0.6769161912974571	0.3230838087025426
0.6760688529355972	0.32393114706440246
0.6747742635477969	0.32522573645220276
0.6754800609844417	0.324519939015558
0.6756289549082144	0.32437104509178527
0.6753291099717471	0.32467089002825256
0.6758799996320106	0.3241200003679891
0.6751232866401353	0.32487671335986434
0.6756343616669478	0.3243656383330519
0.6762020929846186	0.323797907015381
0.675867430588778	0.3241325694112217
0.6753096044999125	0.3246903955000871
0.6766696550413036	0.3233303449586961
0.6767191967408602	0.32328080325913944
0.6745611586464	0.3254388413535997
0.6744906106065863	0.32550938939341334
0.6754723124090669	0.32452768759093276
0.6757148144426028	0.3242851855573969
0.6766116328789277	0.323388367121072
0.6751544552469452	0.3248455447530545
0.6751090463113237	0.32489095368867593
0.675501812603919	0.3244981873960807
0.6750948468929435	0.32490515310705614
0.6766122883495154	0.32338771165048436
0.6755059218587585	0.32449407814124115
0.6760494017906805	0.32395059820931915
0.6756734710554964	0.3243265289445033
0.6770324455705593	0.32296755442944036
0.6770295588764892	0.3229704411235105
0.6752907474518262	0.3247092525481735
0.6756921248678248	0.32430787513217485
0.6771430488913355	0.3228569511086642
0.6755776992128308	0.3244223007871689
0.6772210300181607	0.322778969981839
0.676211593367421	0.3237884066325787
0.6748511307759615	0.3251488692240382
0.6749495115053048	0.3250504884946949
0.6756997716275247	0.32430022837247496
0.6760189303418641	0.32398106965813556
0.6747552079276677	0.325244792072332
0.6751673811441803	0.32483261885581943
0.6755557298571169	0.3244442701428828
0.6764427915935423	0.3235572084064574
0.6765254834501925	0.3234745165498072
0.6749251557851551	0.32507484421484456
0.6749756664595621	0.3250243335404375
0.6769376185846447	0.3230623814153549
0.6746885995027019	0.3253114004972978
0.6767209617983994	0.32327903820160026
0.6747054689369636	0.3252945310630361
0.674343994135386	0.32565600586461363
0.6769584701785674	0.32304152982143236
0.6770081542859752	0.32299184571402445
0.6769039613711405	0.3230960386288591
0.6752816969479608	0.32471830305203886
0.676580122154108	0.32341987784589166
0.6764911014607463	0.32350889853925335
0.6762190076496811	0.32378099235031854
0.6750751881526065	0.3249248118473932
0.6765969055284395	0.3234030944715601
0.6758566127806531	0.32414338721934655
0.675051071922482	0.32494892807751763
0.675155445930098	0.32484455406990165
0.6771795534074558	0.32282044659254383
0.6755967915241516	0.324403208475848
0.6746428573641727	0.325357142635827
0.6761934313094818	0.3238065686905178
0.6757816457818165	0.3242183542181831
0.6763410148451674	0.3236589851548323
0.6766273918490411	0.3233726081509586
0.675063044850301	0.32493695514969867
0.6769709765340844	0.3230290234659152
0.6755576353361482	0.32444236466385146
0.6756019147224521	0.32439808527754754
0.676864139110598	0.3231358608894017
0.6756477861413499	0.32435221385864976
0.6758653729660268	0.3241346270339729
0.6757901784185361	0.3242098215814636
0.67668620419502	0.32331379580497965
0.6755701376897736	0.324429862310226
0.6772839463887464	0.3227160536112532
0.6746695702230755	0.32533042977692417
0.677227664221113	0.32277233577888664
0.6758329973485689	0.3241670026514307
0.6752758989033862	0.3247241010966135
0.6761489299603223	0.3238510700396774
0.6748863970691487	0.325113602930851
0.6748549047042849	0.3251450952957148
0.675939476989931	0.32406052301006866
0.6771487075163605	0.32285129248363925
0.674853720330067	0.3251462796699327
0.6759916919452813	0.32400830805471836
0.6764372906172302	0.3235627093827695
0.6762673128978735	0.3237326871021262
0.674388853642818	0.3256111463571817
0.6749989002394481	0.3250010997605516
0.6759873205564446	0.32401267944355505
0.6760165053961535	0.3239834946038461
0.6763279411605797	0.32367205883941996
0.6770086669553741	0.3229913330446255
0.6755270110384921	0.32447298896150756
0.6758616825112428	0.3241383174887569
0.6756049850660412	0.3243950149339585
0.6748715221883131	0.3251284778116865
0.6748039956838705	0.32519600431612916
0.6748329743241648	0.3251670256758349
0.6753934285396125	0.3246065714603872
0.6768016237087563	0.32319837629124337
0.6751892422964293	0.3248107577035704
0.6754326338233405	0.3245673661766592
0.6743912782837793	0.3256087217162203
0.6767035057724575	0.32329649422754214
0.674990648372326	0.32500935162767364
0.6753829336843925	0.32461706631560716
0.6772445800694488	0.3227554199305509
0.6754326827829102	0.3245673172170894
0.6753859788073635	0.32461402119263616
0.6772177586724165	0.32278224132758315
0.6772156878636524	0.3227843121363473
0.6752087394793275	0.3247912605206722
0.6761588784393862	0.3238411215606135
0.6753017933013612	0.3246982066986384
0.6762766455327569	0.32372335446724276
0.6767945268960098	0.32320547310398984
0.6754587235530107	0.324541276446989
0.6768531354187246	0.32314686458127506
0.6766651173845426	0.3233348826154571
0.6764429623373204	0.3235570376626793
0.6754777146304896	0.3245222853695101
0.6761247323038205	0.32387526769617914
0.674633383801631	0.3253666161983687
0.6751386479777886	0.3248613520222111
0.6758351671863738	0.32416483281362585
0.674474447738786	0.3255255522612137
0.6761411569073975	0.32385884309260216
0.6770114280234555	0.3229885719765442
0.6770587780943563	0.32294122190564334
0.676659146588168	0.3233408534118317
0.6765944719742601	0.3234055280257395
0.6751737664542621	0.3248262335457376
0.6771984478562009	0.3228015521437988
0.677104682029366	0.3228953179706337
0.6752550592401885	0.3247449407598112
0.676368896768904	0.3236311032310957
0.6756092186633357	0.324390781336664
0.6745240293857474	0.32547597061425226
0.6772192112896445	0.3227807887103552
0.6743905650946109	0.3256094349053888
0.6755732806038377	0.32442671939616197
0.6755028477384196	0.32449715226158005
0.6759737070630539	0.32402629293694574
0.67577971904133	0.3242202809586696
0.6753242914570156	0.3246757085429841
0.6762635245639975	0.32373647543600215
0.6755213905710743	0.32447860942892537
0.6746776626401514	0.3253223373598483
0.6765421373516427	0.32345786264835696
0.6748697738028419	0.3251302261971578
0.6758217366244461	0.32417826337555355
0.676590110794657	0.32340988920534264
0.6761642848630885	0.3238357151369111
0.6762211527641049	0.3237788472358948
0.6768743603684104	0.3231256396315893
0.6762172326864468	0.3237827673135529
0.6745829171563765	0.32541708284362314
0.6759784430439395	0.3240215569560602
0.6747579297069438	0.32524207029305585
0.6772786212372521	0.32272137876274753
0.6751466972529588	0.32485330274704083
0.6772086990817484	0.32279130091825126
0.6757964649406762	0.3242035350593234
0.6763363882371507	0.32366361176284897
0.6761241072247515	0.32387589277524814
0.676817019835976	0.3231829801640237
0.6747639321072366	0.32523606789276305
0.6751316523657301	0.3248683476342695
0.6745596575547781	0.3254403424452216
0.6751560117633417	0.32484398823665794
0.6743810661194858	0.3256189338805139
0.6761024275701679	0.3238975724298318
0.6753955273167669	0.3246044726832327
0.6758684079369351	0.3241315920630645
0.6766475497309377	0.323352450269062
0.6748813892164505	0.3251186107835492
0.6772866811952005	0.32271331880479914
0.675887723844885	0.3241122761551146
0.6755817029533772	0.3244182970466225
0.6757846165642478	0.3242153834357518
0.6763507824531829	0.32364921754681675
0.6756966750030828	0.32430332499691683
0.6764639844444381	0.32353601555556155
0.6764833463634212	0.32351665363657844
0.6771078769645993	0.3228921230354004
0.6766736247246872	0.3233263752753125
0.6752058566314736	0.32479414336852613
0.6765871469088129	0.3234128530911868
0.6755875171557519	0.3244124828442478
0.6762147946377586	0.3237852053622411
0.6753669603146949	0.32463303968530477
0.6746083151616072	0.3253916848383924
0.6744723826000304	0.32552761739996927
0.6770509811321253	0.32294901886787447
0.6744187142717604	0.3255812857282393
0.676953308683909	0.3230466913160907
0.6743499453582731	0.32565005464172664
0.6743320437120089	0.3256679562879907
0.67615692537548	0.32384307462451967
0.6751817742024431	0.3248182257975566
0.6753825556488904	0.32461744435110934
0.676961643601345	0.32303835639865464
0.6768236368622871	0.3231763631377126
0.6764208900141049	0.3235791099858948
0.6769411887589136	0.32305881124108604
0.6772078602780964	0.32279213972190324
0.6772610567569451	0.3227389432430545
0.6761414822958037	0.32385851770419594
0.6772594886043755	0.3227405113956242
0.6771853022331896	0.32281469776681004
0.6771497624976284	0.3228502375023713
0.6743859970477688	0.3256140029522308
0.6748636933982859	0.3251363066017138
0.6758314472495162	0.32416855275048356
0.6743550150157558	0.3256449849842438
0.676562791561953	0.3234372084380467
0.6761872421223876	0.32381275787761216
0.676364519589171	0.3236354804108287
0.6753764216477166	0.32462357835228306
0.6761534921515465	0.32384650784845315
0.6751684770341638	0.32483152296583584
0.6747889104658401	0.32521108953415956
0.6764459765482663	0.32355402345173334
0.6767136540124274	0.3232863459875722
0.6744510269903714	0.32554897300962826
0.676015658555587	0.3239843414444127
0.6770167031204734	0.3229832968795263
0.6758633208678232	0.3241366791321765
0.6770503895548181	0.32294961044518156
0.6752096644775507	0.32479033552244896
0.6758655360810237	0.32413446391897593
0.6766792925813442	0.3233207074186555
0.6760122943718969	0.3239877056281028
0.6757151212019878	0.3242848787980118
0.6753336399229319	0.3246663600770677
0.6756289329517684	0.32437106704823127
0.6749960402552942	0.3250039597447054
0.6755453228350774	0.32445467716492227
0.6756289049902732	0.3243710950097265
0.6770874879854445	0.32291251201455523
0.6751538797838937	0.3248461202161059
0.6767841347327518	0.3232158652672479
0.6749420450063054	0.3250579549936943
0.6763687463497816	0.323631253650218
0.6756142751437306	0.32438572485626904
0.6771602623245333	0.32283973767546637
0.6757532590274412	0.32424674097255846
0.6770711489529141	0.3229288510470856
0.6757140872133636	0.3242859127866361
0.6769342377230966	0.3230657622769031
0.6765692612951784	0.3234307387048213
0.6763453666341349	0.32365463336586475
0.6751342718144314	0.32486572818556825
0.6767182927106656	0.32328170728933403
0.6770320426420289	0.32296795735797085
0.6744287332992607	0.325571266700739
0.6743608530389662	0.32563914696103347
0.6744771914534642	0.3255228085465355
0.6757506879622512	0.32424931203774837
0.675950224281322	0.32404977571867766
0.6748842423696673	0.3251157576303324
0.675014058806064	0.32498594119393565
0.675902295521104	0.32409770447889563
0.6750238070362383	0.32497619296376135
0.6749731943354261	0.32502680566457354
0.6746648776591091	0.32533512234089057
0.6761708095095976	0.32382919049040204
0.676844722492226	0.32315527750777356
0.6756784103201681	0.3243215896798316
0.6766883736952556	0.32331162630474414
0.6765599658671971	0.32344003413280253
0.6755249148548788	0.3244750851451209
0.6761868029803677	0.3238131970196319
0.6756088955850178	0.32439110441498187
0.6768260137573752	0.32317398624262444
0.6754356586180417	0.324564341381958
0.6745435467201686	0.3254564532798311
0.676878346618314	0.32312165338168564
0.6758365755545988	0.3241634244454009
0.6748585755663248	0.3251414244336749
0.6761597453195796	0.3238402546804201
0.6750086529849055	0.32499134701509413
0.6754801533421433	0.3245198466578564
0.6744066713836909	0.32559332861630874
0.6756861421794825	0.32431385782051714
0.6761106259864524	0.3238893740135472
0.6743707363331486	0.325629263666851
0.6746869982225472	0.3253130017774524
0.6762519091348294	0.32374809086517026
0.6758944102182138	0.32410558978178583
0.6757269128186896	0.3242730871813101
0.6766403570216705	0.3233596429783292
0.6748710194844318	0.3251289805155678
0.6752823493826522	0.3247176506173475
0.6746735027204639	0.3253264972795358
0.676298781953854	0.3237012180461457
0.6757743240159317	0.32422567598406793
0.6760172875594836	0.323982712440516
0.6762418732957487	0.32375812670425097
0.6761413808745919	0.3238586191254078
0.677059834693156	0.32294016530684366
0.6756274807517147	0.3243725192482849
0.6747910784639665	0.3252089215360332
0.6749006825509773	0.3250993174490224
0.6762888998466474	0.32371110015335225
0.6767980479022191	0.3232019520977806
0.6760250540671162	0.3239749459328834
0.674801772004819	0.3251982279951807
0.6758721618925183	0.32412783810748136
0.6748913585290008	0.3251086414709988
0.6764779789117249	0.32352202108827477
0.675789656812688	0.3242103431873117
0.6745844392728191	0.32541556072718053
0.6744336587238452	0.32556634127615447
0.6763674586540653	0.32363254134593433
0.6762422008321627	0.3237577991678369
0.6758430824021533	0.3241569175978464
0.6771907358216993	0.32280926417830036
0.6772067749332814	0.32279322506671826
0.6765578652996534	0.3234421347003462
0.6751273133049132	0.3248726866950865
0.6747210609185801	0.3252789390814195
0.6756203115846142	0.32437968841538545
0.6766932511988417	0.3233067488011579
0.6765978846600212	0.3234021153399784
0.6767385366489564	0.3232614633510432
0.6765706802224613	0.3234293197775384
0.6756164670993281	0.32438353290067157
0.676797774447667	0.3232022255523327
0.6745331612757413	0.32546683872425836
0.6749166059451345	0.3250833940548652
0.676068937779191	0.3239310622208087
0.6772269346173234	0.32277306538267625
0.6757678997089118	0.32423210029108784
0.6752565313714862	0.32474346862851344
0.6772285668356886	0.3227714331643112
0.6748731316477786	0.32512686835222104
0.6746120590518967	0.325387940948103
0.6756409181270899	0.3243590818729098
0.676779862080173	0.3232201379198267
0.6746938313596831	0.3253061686403166
0.6770663986812905	0.3229336013187092
0.6756817878757705	0.3243182121242292
0.6751153346238634	0.32488466537613625
0.6752365273242871	0.3247634726757126
0.6751436608286521	0.3248563391713476
0.6771025577667128	0.32289744223328687
0.6771361942777157	0.32286380572228407
0.6758556880278189	0.32414431197218074
0.6744800061875329	0.3255199938124667
0.6753599445723898	0.3246400554276099
0.6751535012503508	0.3248464987496489
0.6772528163606808	0.3227471836393188
0.6752758146808875	0.3247241853191122
0.6744382159927256	0.3255617840072741
0.676161594156815	0.3238384058431847
0.6759505896020688	0.32404941039793084
0.6759778148082584	0.3240221851917413
0.6754911726865366	0.3245088273134631
0.6755514683441058	0.3244485316558938
0.675288716077126	0.32471128392287363
0.6769783643607374	0.32302163563926223
0.6763846828850267	0.32361531711497293
0.6752877885092555	0.32471221149074414
0.6749122927661049	0.3250877072338948
0.6760498482036067	0.32395015179639297
0.6762387266180223	0.3237612733819773
0.6766518346495554	0.32334816535044425
0.6755478856625095	0.32445211433749027
0.6758132728892974	0.32418672711070223
0.6768369692980848	0.3231630307019149
0.6748501321378262	0.3251498678621735
0.6746115408903979	0.3253884591096018
0.6758510370052834	0.3241489629947163
0.6765941335068434	0.3234058664931563
0.6754556690318751	0.32454433096812446
0.6748705078114144	0.3251294921885852
0.6761278717453435	0.32387212825465617
0.6754673997510993	0.3245326002489004
0.6767101234950179	0.32328987650498175
0.6772761552266463	0.32272384477335336
0.676571069933687	0.3234289300663127
0.6771632430768817	0.32283675692311803
0.6763640609446232	0.32363593905537646
0.6761563879692972	0.32384361203070244
0.6745478701208684	0.3254521298791313
0.6769751413399363	0.3230248586600634
0.6748093325225996	0.3251906674774001
0.675696785618352	0.3243032143816476
0.6744353439269468	0.32556465607305285
0.6750732739872807	0.32492672601271894
0.6762739265030014	0.3237260734969982
0.675219667670352	0.32478033232964765
0.6765105442142288	0.3234894557857708
0.6767834821984597	0.3232165178015399
0.6772017915128392	0.3227982084871605
0.6747446980484012	0.32525530195159846
0.6756666426283993	0.32433335737160035
0.6746108865061312	0.32538911349386845
0.6757554235956464	0.3242445764043532
0.6750545422399539	0.3249454577600458
0.6752468868718611	0.3247531131281386
0.6766610010568728	0.3233389989431269
0.675549736554274	0.3244502634457257
0.6769975249101104	0.3230024750898892
0.6763388292743723	0.3236611707256274
0.6770131111543506	0.3229868888456491
0.67654942363557	0.32345057636442964
0.6751041703112942	0.32489582968870545
0.6757292757598894	0.3242707242401103
0.6749557407478457	0.3250442592521539
0.6747198031509705	0.3252801968490292
0.6765453562693626	0.32345464373063704
0.6772390027413251	0.3227609972586746
0.6747272060270275	0.32527279397297215
0.6754924556167651	0.3245075443832346
0.6747845520476962	0.3252154479523035
0.6769100420509535	0.32308995794904616
0.6758928626441841	0.32410713735581553
0.6762153410376428	0.32378465896235686
0.676118521226389	0.3238814787736106
0.6745230205833637	0.32547697941663595
0.6752062508300699	0.32479374916992976
0.6751191763471396	0.3248808236528601
0.6753071898885721	0.32469281011142753
0.6748475413344592	0.32515245866554043
0.6768327778458667	0.32316722215413296
0.6753618831753907	0.32463811682460897
0.6754107131238435	0.3245892868761562
0.6753903964793752	0.3246096035206245
0.6769551675875944	0.3230448324124053
0.6765443299004004	0.3234556700995993
0.6743537993348987	0.32564620066510097
0.674507993546817	0.3254920064531827
0.6767505003989251	0.32324949960107446
0.6748749303784902	0.32512506962150944
0.6749120833257555	0.3250879166742442
0.6745458169076047	0.32545418309239493
0.675261313071848	0.32473868692815167
0.6754559846914426	0.32454401530855703
0.6753908240673093	0.32460917593269034
0.6750634045643498	0.32493659543564996
0.674528743068638	0.32547125693136175
0.676571015732089	0.3234289842679107
0.6772011871393694	0.3227988128606303
0.67665025449724	0.32334974550275963
0.6762695077888414	0.3237304922111582
0.675122190484429	0.32487780951557066
0.675461373018611	0.3245386269813887
0.6768781180107711	0.32312188198922853
0.6754561758662724	0.3245438241337273
0.6760386520781131	0.3239613479218866
0.6760671026048083	0.3239328973951914
0.6766413819071773	0.32335861809282246
0.6758296452416388	0.32417035475836087
0.6771225144587165	0.32287748554128315
0.674616990070136	0.3253830099298637
0.6751836652943884	0.3248163347056112
0.6747246534473903	0.3252753465526093
0.6756306763699191	0.3243693236300805
0.6748836588781755	0.3251163411218242
0.6751639421632621	0.3248360578367375
0.6756233824317193	0.32437661756828046
0.6751326250300065	0.3248673749699932
0.6751134211557294	0.3248865788442703
0.6765010896360817	0.323498910363918
0.6744314669676117	0.325568533032388
0.6747343746588119	0.32526562534118775
0.6757271333704555	0.32427286662954413
0.6745335833371603	0.3254664166628394
0.6745073416159375	0.32549265838406216
0.6745947314403394	0.32540526855966023
0.6758803167935654	0.3241196832064342
0.676465346913545	0.3235346530864547
0.6771392073417474	0.3228607926582523
0.6751972117871733	0.3248027882128264
0.6765409936186539	0.3234590063813458
0.6760569347998395	0.32394306520016014
0.6762155081768764	0.32378449182312335
0.676089965403811	0.3239100345961886
0.6749793404784507	0.325020659521549
0.677139511139024	0.3228604888609756
0.6764006143035485	0.3235993856964512
0.6764393346980982	0.3235606653019014
0.6756199047676631	0.3243800952323366
0.6763733942709043	0.3236266057290954
0.6762282293701453	0.3237717706298544
0.6761570157525002	0.32384298424749947
0.6747669161101018	0.3252330838898979
0.6768192715146167	0.32318072848538293
0.6772310657990452	0.3227689342009544
0.6759873002366888	0.3240126997633108
0.6750300968796584	0.32496990312034124
0.6749259213241563	0.32507407867584337
0.6769219353226785	0.3230780646773211
0.676636660227007	0.3233633397729927
0.6765038749228557	0.323496125077144
0.6763693560211113	0.3236306439788884
0.6771708116334281	0.3228291883665716
0.6745289718998491	0.3254710281001506
0.6767100074049416	0.3232899925950581
0.6766200063174312	0.3233799936825684
0.6769568015939932	0.3230431984060065
0.6747107945335721	0.3252892054664276
0.6762137889901163	0.32378621100988336
0.6746000863751845	0.32539991362481513
0.6750318510064277	0.324968148993572
0.6756529371926231	0.3243470628073766
0.675793006042102	0.3242069939578976
0.6764374859692481	0.3235625140307515
0.6743507964028066	0.32564920359719307
0.6762322804288641	0.3237677195711356
0.6751948657107896	0.3248051342892101
0.6761640801851904	0.3238359198148093
0.6767158296691986	0.32328417033080104
0.674331033878268	0.32566896612173174
0.6762734029577689	0.3237265970422307
0.6758905052619549	0.32410949473804473
0.6769115320431939	0.3230884679568058
0.6751080104312309	0.32489198956876875
0.6761415010265253	0.32385849897347435
0.6748486573541057	0.325151342645894
0.6744108289193064	0.3255891710806933
0.6749239239705533	0.32507607602944627
0.6752157201446988	0.3247842798553009
0.6758165008691297	0.3241834991308699
0.6771986887207868	0.32280131127921285
0.6762690862642761	0.3237309137357236
0.6763261559719317	0.323673844028068
0.6750437761605932	0.3249562238394065
0.6766388090675225	0.32336119093247717
0.675544281052689	0.32445571894731057
0.6759664393483323	0.32403356065166733
0.6764599690088575	0.3235400309911422
0.6766876451792353	0.32331235482076437
0.6750862405231663	0.3249137594768333
0.6751377278921411	0.32486227210785856
0.6751058551008093	0.3248941448991904
0.677190522018966	0.32280947798103365
0.6748880766781804	0.3251119233218193
0.676910906356078	0.3230890936439217
0.6756649271270159	0.3243350728729838
0.6748175963559571	0.3251824036440426
0.6758463303532398	0.3241536696467599
0.6756626420750628	0.3243373579249369
0.6756487134742307	0.32435128652576894
0.674767211574802	0.32523278842519765
0.67619935938436	0.32380064061563957
0.6756252072594086	0.3243747927405911
0.6743522430713265	0.3256477569286732
0.6755085033694037	0.32449149663059595
0.6768343680973107	0.323165631902689
0.6756651578238299	0.3243348421761698
0.6754740602682667	0.32452593973173294
0.6771389840898598	0.3228610159101398
0.6760662834758129	0.3239337165241868
0.6761245558334903	0.3238754441665094
0.6749928619811496	0.32500713801885
0.6765992485792183	0.3234007514207814
0.6745476760148231	0.32545232398517654
0.6750365086356798	0.3249634913643199
0.6769685025013594	0.32303149749864024
0.6748968829880951	0.32510311701190453
0.6754676675835883	0.32453233241641133
0.6751396394796805	0.3248603605203192
0.6764103428898824	0.3235896571101172
0.676372715590809	0.3236272844091907
0.676605066925031	0.32339493307496875
0.6766944131982419	0.3233055868017578
0.6760203891587213	0.3239796108412784
0.6751669621423875	0.32483303785761225
0.6759398172783085	0.3240601827216911
0.6766510983147459	0.32334890168525376
0.6763915042807951	0.3236084957192046
0.67580931936064	0.32419068063935963
0.6748778715552363	0.3251221284447634
0.6747838993398774	0.32521610066012235
0.6770549142499293	0.3229450857500704
0.6757467401737056	0.324253259826294
0.6759468510619773	0.3240531489380224
0.675673119635388	0.32432688036461166
0.6771000511758283	0.3228999488241714
0.6772627016221555	0.3227372983778442
0.6753972644606054	0.3246027355393943
0.6765848451020329	0.32341515489796674
0.6755232116227279	0.32447678837727184
0.6758853986111149	0.3241146013888848
0.6761068774344547	0.3238931225655449
0.6765443787965433	0.32345562120345633
0.6753459944918387	0.32465400550816087
0.6744889076377845	0.3255110923622152
0.6747028865135406	0.32529711348645907
0.6755977935890158	0.32440220641098383
0.6772178687825787	0.3227821312174209
0.6748962221147037	0.325103777885296
0.6750198000988212	0.32498019990117843
0.6744662975759226	0.3255337024240771
0.6758944232354265	0.3241055767645732
0.6762594228947357	0.32374057710526394
0.6760166642105285	0.32398333578947114
0.6767322080912973	0.32326779190870236
0.675051767913231	0.3249482320867687
0.6764540829332579	0.3235459170667417
0.6747454764691553	0.3252545235308444
0.6757184678401621	0.32428153215983757
0.6769092223958917	0.32309077760410804
0.6750283379468376	0.3249716620531621
0.6772386379969277	0.3227613620030719
0.6771154800681338	0.32288451993186584
0.6761978370046182	0.3238021629953815
0.6764801267974179	0.3235198732025818
0.6767891491157108	0.32321085088428897
0.6768475478677725	0.32315245213222715
0.6761786879791138	0.3238213120208858
0.6751438695327915	0.3248561304672082
0.6771460497764588	0.32285395022354085
0.6757782475970463	0.32422175240295337
0.6744613312818245	0.32553866871817516
0.6758461284695851	0.32415387153041453
0.6747533911629271	0.32524660883707257
0.6769884056728507	0.323011594327149
0.6748009459078126	0.32519905409218713
0.6762550804750561	0.32374491952494355
0.6760397099298958	0.32396029007010385
0.6767533686211253	0.32324663137887427
0.6771410412908634	0.3228589587091363
0.6758821756819915	0.3241178243180082
0.6764265391103523	0.32357346088964734
0.6754263093459347	0.32457369065406494
0.677269215737323	0.32273078426267665
0.6765470154101508	0.32345298458984884
0.6765902752565839	0.3234097247434158
0.6749548157437324	0.32504518425626727
0.6753603014832589	0.3246396985167408
0.676024271120334	0.32397572887966564
0.6758728376759862	0.32412716232401356
0.6744493373358796	0.32555066266412
0.6770863713693186	0.32291362863068107
0.6746230366804563	0.32537696331954336
0.6763848346391176	0.3236151653608821
0.6770359433617129	0.32296405663828676
0.676262820666574	0.3237371793334257
0.6758335396833985	0.3241664603166011
0.6745736836014555	0.3254263163985442
0.6751206139225716	0.32487938607742806
0.6771597061950156	0.322840293804984
0.6765990339360208	0.3234009660639789
0.6762321858843088	0.3237678141156909
0.6764682263349808	0.32353177366501884
0.6750850633960696	0.3249149366039301
0.6758707958796163	0.3241292041203834
0.6751665612681593	0.32483343873184034
0.6760890629529859	0.32391093704701374
0.6762065931849591	0.32379340681504054
0.6745923667308471	0.3254076332691525
0.6752013583436774	0.3247986416563222
0.6746708054748464	0.3253291945251533
0.6750329713604006	0.324967028639599
0.6748736205045084	0.3251263794954913
0.6764438974705634	0.32355610252943623
0.6761011331445	0.3238988668554996
0.6771046167714624	0.3228953832285373
0.6762251368686089	0.3237748631313908
0.6750013472873649	0.32499865271263473
0.6771182685305099	0.32288173146948973
0.6753992104222515	0.3246007895777482
0.6743441155730354	0.32565588442696425
0.676261296256567	0.3237387037434327
0.6753882447670968	0.32461175523290287
0.6743532050617894	0.32564679493821025
0.6766472571507391	0.3233527428492605
0.6760827260983245	0.32391727390167513
0.677215692586053	0.3227843074139467
0.6760727183234396	0.3239272816765601
0.6754875934294804	0.3245124065705193
0.6767497801434217	0.323250219856578
0.6751498906127901	0.3248501093872096
0.6768707427719904	0.3231292572280093
0.6766021248169478	0.32339787518305185
0.6769520903412253	0.3230479096587744
0.6762007596456304	0.32379924035436924
0.6754555734710173	0.32454442652898247
0.6754633735201158	0.3245366264798839
0.6763408610926145	0.32365913890738524
0.6752283463822202	0.32477165361777954
0.6762894111560894	0.32371058884391024
0.6744234426623734	0.32557655733762625
0.6771659386153659	0.3228340613846338
0.6744331124392664	0.32556688756073326
0.6764721280132993	0.3235278719867004
0.6749449884949168	0.3250550115050828
0.676076317151089	0.3239236828489107
0.6754432042732013	0.32455679572679846
0.6754502899959092	0.32454971000409055
0.6762258355748698	0.32377416442512985
0.6763902265805006	0.32360977341949904
0.676414062986551	0.3235859370134486
0.6744696714318165	0.3255303285681832
0.6759684586711155	0.3240315413288841
0.674936054316128	0.3250639456838717
0.6746021371067367	0.325397862893263
0.6754850502087221	0.3245149497912776
0.6772089451626759	0.32279105483732373
0.6752571876530062	0.3247428123469934
0.6762671787425664	0.3237328212574333
0.6769422399548932	0.32305776004510645
0.6770616296344841	0.32293837036551554
0.6755328068023743	0.3244671931976254
0.6770672126309367	0.322932787369063
0.6750406679567158	0.32495933204328387
0.6749722769097983	0.32502772309020134
0.675250996942562	0.32474900305743765
0.6758336109781171	0.32416638902188255
0.6769969021746135	0.32300309782538617
0.6749605128754113	0.3250394871245884
0.6766595277737069	0.3233404722262928
0.676293156391284	0.32370684360871577
0.6753576681924665	0.32464233180753327
0.6747126230123801	0.3252873769876195
0.6743862079427132	0.32561379205728647
0.6767621573814337	0.3232378426185659
0.6759124230852088	0.32408757691479084
0.6747857021244397	0.32521429787556
0.6747721008670604	0.32522789913293926
0.6769715024056896	0.32302849759431007
0.6771002728600057	0.32289972713999393
0.6767989049044801	0.32320109509551953
0.6751824134884592	0.3248175865115405
0.6769850671319055	0.32301493286809413
0.6759374548464803	0.3240625451535194
0.674494921774701	0.3255050782252986
0.6747678902331748	0.3252321097668248
0.6765913396694229	0.3234086603305768
0.6746894562711706	0.32531054372882906
0.6771076909014929	0.32289230909850675
0.6749638516086717	0.325036148391328
0.6769021615355166	0.323097838464483
0.6754821760977016	0.3245178239022981
0.6748256764027656	0.32517432359723414
0.6767951923894744	0.3232048076105252
0.6745365545466571	0.32546344545334255
0.675658855431781	0.3243411445682187
0.6765247454178711	0.3234752545821286
0.6747639830410487	0.325236016958951
0.6771326525782217	0.3228673474217779
0.674875391696453	0.3251246083035466
0.6760967949298569	0.32390320507014286
0.6770203314021361	0.32297966859786353
0.6756056007867818	0.3243943992132179
0.6771304850922294	0.32286951490777027
0.6767046549304918	0.32329534506950786
0.6752533788400871	0.3247466211599126
0.6752128674494007	0.32478713255059904
0.6764568069404813	0.32354319305951845
0.6757979075988726	0.3242020924011271
0.6768593585348011	0.3231406414651986
0.6761627476656462	0.32383725233435345
0.6751957433429239	0.3248042566570758
0.6744589267487637	0.32554107325123594
0.676981565347473	0.32301843465252666
0.6759194085241313	0.3240805914758683
0.6759875026974906	0.32401249730250903
0.6769417895323643	0.3230582104676354
0.6744152894521478	0.3255847105478519
0.6755431005866721	0.3244568994133276
0.6749854088569741	0.32501459114302556
0.6753843800276158	0.32461561997238386
0.6757879720118765	0.32421202798812315
0.6755276051024616	0.3244723948975381
0.6743415448842436	0.32565845511575614
0.6748062045777381	0.3251937954222615
0.6758665402606934	0.3241334597393063
0.6769966476452951	0.32300335235470456
0.6772488154746105	0.3227511845253892
0.6764487043447815	0.3235512956552181
0.6753408553624491	0.32465914463755047
0.676383369021394	0.3236166309786057
0.6757993133691078	0.3242006866308919
0.6765002933259275	0.32349970667407213
0.6757722612100316	0.324227738789968
0.6747760239919011	0.3252239760080986
0.6748150195233622	0.32518498047663746
0.6744860081456608	0.3255139918543388
0.6747703632854538	0.3252296367145458
0.6767992332019718	0.3232007667980279
0.6757408722641086	0.32425912773589105
0.6747027228152568	0.3252972771847429
0.6762856500927632	0.32371434990723646
0.6767822691050563	0.3232177308949433
0.6764235945906016	0.3235764054093981
0.6761367348794197	0.32386326512057995
0.6750883318586478	0.32491166814135186
0.6769189034524756	0.3230810965475241
0.6745920346450246	0.32540796535497507
0.6772065530702536	0.3227934469297461
0.6770825466940289	0.32291745330597077
0.6765897590821385	0.3234102409178612
0.676615011019673	0.32338498898032664
0.6763812584405029	0.3236187415594968
0.6745087250020335	0.32549127499796615
0.6762584127585636	0.3237415872414361
0.6751813218550423	0.32481867814495735
0.6761209179292168	0.32387908207078286
0.6770183859304004	0.3229816140695993
0.6759630330884336	0.324036966911566
0.6756960357559624	0.3243039642440373
0.6767972783083224	0.3232027216916773
0.6762711333641018	0.32372886663589784
0.676154320833559	0.32384567916644064
0.6770028922232116	0.322997107776788
0.6745914450574358	0.3254085549425638
0.677122409309686	0.32287759069031363
0.6761962944364698	0.3238037055635299
0.6748892981390391	0.32511070186096064
0.6771626192199564	0.3228373807800433
0.6754627439877354	0.3245372560122643
0.6765927118595856	0.32340728814041414
0.6745445572497895	0.32545544275021016
0.6749579253538467	0.325042074646153
0.6771499651818179	0.32285003481818175
0.6746857288813038	0.3253142711186958
0.6768861870873628	0.32311381291263686
0.675436900313261	0.32456309968673863
0.676768900620762	0.32323109937923766
0.6765507592299128	0.32344924077008685
0.6745833657052184	0.3254166342947813
0.67630531882604	0.3236946811739597
0.6762061033345972	0.3237938966654025
0.6748745540640082	0.32512544593599146
0.676384001140013	0.3236159988599867
0.6766069121958636	0.3233930878041361
0.6743593383295658	0.3256406616704338
0.6745031221493145	0.3254968778506852
0.6754402563246913	0.3245597436753083
0.6759121979706678	0.32408780202933185
0.6769840837987329	0.3230159162012668
0.676672706675384	0.32332729332461563
0.6772867075915574	0.3227132924084423
0.6749229802442098	0.3250770197557899
0.6755448222526578	0.3244551777473419
0.6764235394605491	0.32357646053945055
0.6752677520222519	0.3247322479777478
0.6764660305341313	0.3235339694658683
0.6758042190748325	0.3241957809251672
0.6744437753275135	0.3255562246724861
0.6763412698964029	0.3236587301035968
0.6769144519445891	0.32308554805541057
0.6752811200186791	0.32471887998132054
0.6758236581305288	0.3241763418694709
0.675090684643718	0.32490931535628165
0.6767297351851713	0.32327026481482835
0.6753452795058931	0.3246547204941066
0.6763989920194575	0.3236010079805422
0.675885446589271	0.32411455341072865
0.6749744144139892	0.32502558558601047
0.6771627256792372	0.3228372743207625
0.6756675318183543	0.32433246818164546
0.6759415548672472	0.32405844513275256
0.6771905338943044	0.3228094661056953
0.6763125573178735	0.3236874426821261
0.6757372922352303	0.32426270776476934
0.6744175688854732	0.3255824311145264
0.6766197654557695	0.3233802345442302
0.6743437804387981	0.3256562195612016
0.6749176148235214	0.3250823851764783
0.6769674467745292	0.3230325532254704
0.6756232180896952	0.3243767819103045
0.6769901113085673	0.3230098886914323
0.6750458703009475	0.32495412969905213
0.6764300267753425	0.3235699732246572
