0.6321779529153895	0.3678220470846102
0.6280124529826805	0.3719875470173192
0.6301218894652492	0.36987811053475045
0.6273338776179114	0.37266612238208824
0.6310416737624135	0.3689583262375862
0.6319804511668375	0.3680195488331621
0.6329344224862459	0.36706557751375385
0.6314582615379015	0.36854173846209815
0.6285857018466684	0.37141429815333127
0.6317365247851795	0.36826347521482017
0.6263129511580335	0.37368704884196613
0.6329754560416041	0.3670245439583955
0.633757371398719	0.36624262860128065
0.6266707190814558	0.37332928091854395
0.6341175914950916	0.3658824085049081
0.6299824062399604	0.3700175937600393
0.6304166572532288	0.36958334274677085
0.6269454274069265	0.3730545725930732
0.628814996916889	0.3711850030831106
0.6338171345668395	0.36618286543316014
0.6302441220453918	0.3697558779546078
0.6331731725287515	0.3668268274712481
0.6339179555031845	0.36608204449681514
0.6295927724660937	0.370407227533906
0.6330691817999816	0.36693081820001805
0.631030209536019	0.36896979046398076
0.6330532065881408	0.3669467934118589
0.6266462614420498	0.3733537385579499
0.6271470181331902	0.37285298186680943
0.633354864853967	0.3666451351460327
0.6327136849469971	0.3672863150530026
0.634518193987929	0.3654818060120707
0.6286410848358251	0.3713589151641745
0.6290190365619591	0.37098096343804055
0.6318336711789355	0.36816632882106415
0.6330874063147571	0.36691259368524254
0.6287118987034405	0.3712881012965592
0.6251289937840434	0.37487100621595626
0.6298863822727064	0.37011361772729323
0.6262302597577001	0.3737697402422996
0.6291430979459005	0.37085690205409916
0.6336392847346861	0.36636071526531355
0.6307784654211007	0.36922153457889895
0.6315655432922196	0.36843445670778
0.6297571105495712	0.3702428894504285
0.6268955622569913	0.3731044377430084
0.6322161823119986	0.36778381768800106
0.6328417839033554	0.36715821609664423
0.6287006928459526	0.371299307154047
0.6313772434985734	0.36862275650142623
0.6333883086454278	0.36661169135457183
0.6299704520373381	0.37002954796266146
0.6298590858152276	0.370140914184772
0.6330570635142394	0.3669429364857602
0.6294150426131359	0.3705849573868638
0.6285929727787959	0.3714070272212038
0.6267497924002335	0.3732502075997661
0.6267039237470257	0.373296076252974
0.6329474699708426	0.36705253002915705
0.6284492466063432	0.3715507533936565
0.6319419238281073	0.36805807617189235
0.6285610974488125	0.37143890255118717
0.6346474916971857	0.36535250830281396
0.6299314222387198	0.3700685777612799
0.625848012912134	0.3741519870878657
0.6303428114650158	0.3696571885349838
0.6297728308149215	0.37022716918507814
0.6291982162627143	0.3708017837372854
0.6311717094089757	0.368828290591024
0.6272422051131397	0.37275779488686
0.632602997465665	0.3673970025343347
0.6263163040399181	0.37368369596008155
0.6335346868870606	0.3664653131129391
0.6298197157702092	0.37018028422979044
0.6337734603778916	0.36622653962210805
0.6338600379945883	0.3661399620054113
0.6328362796596305	0.36716372034036915
0.6343516312887562	0.3656483687112435
0.6285391459702103	0.37146085402978934
0.6277017370788952	0.37229826292110446
0.6297007731205387	0.37029922687946093
0.6322032046014545	0.36779679539854515
0.6249704220665206	0.375029577933479
0.6304543594865635	0.36954564051343625
0.6283355410725243	0.37166445892747535
0.6265784914571912	0.37342150854280837
0.6296130081157371	0.3703869918842626
0.6296362303091185	0.3703637696908811
0.6315047147421529	0.3684952852578468
0.6327270080993378	0.36727299190066187
0.6250488987426666	0.37495110125733316
0.6338936605007074	0.3661063394992923
0.6330755582803101	0.3669244417196895
0.6263215190170944	0.37367848098290524
0.6262050623060241	0.37379493769397554
0.6250525674225564	0.37494743257744323
0.6278824003002211	0.37211759969977853
0.6331417863186284	0.3668582136813713
0.6284985196721188	0.3715014803278809
0.6329515613209264	0.3670484386790732
0.6265546824182289	0.3734453175817708
0.6262988780122514	0.3737011219877483
0.6338390062238153	0.36616099377618444
0.6286454493341997	0.3713545506657999
0.6300244342664658	0.3699755657335338
0.6257762402077014	0.3742237597922983
0.6296241306399267	0.37037586936007294
0.6280073569577261	0.37199264304227353
0.6261857038045128	0.3738142961954869
0.6323319097802844	0.36766809021971525
0.6303009642213577	0.369699035778642
0.6346143834988992	0.36538561650110046
0.6258848667677777	0.374115133232222
0.6325637375378106	0.36743626246218913
0.629177752711766	0.37082224728823365
0.6253324546539943	0.3746675453460053
0.6288277989591586	0.37117220104084103
0.6303296610310831	0.36967033896891655
0.6321233292969567	0.367876670703043
0.6293095504494466	0.37069044955055314
0.6268700721864708	0.3731299278135288
0.632162567666578	0.3678374323334217
0.6299245849578707	0.37007541504212893
0.627405089507229	0.37259491049277077
0.6290844131640171	0.3709155868359826
0.6312785538857093	0.36872144611429036
0.6288352672361024	0.37116473276389733
0.6262695804022089	0.37373041959779074
0.634618579641927	0.36538142035807264
0.6254288587883078	0.3745711412116919
0.6283426256453346	0.371657374354665
0.6300760582605092	0.3699239417394905
0.6291011157523686	0.37089888424763107
0.6248871960502558	0.37511280394974394
0.6264748371504798	0.3735251628495198
0.6308448293231592	0.36915517067684045
0.6265696843736553	0.3734303156263443
0.6315046874186198	0.3684953125813799
0.6323790796402062	0.36762092035979343
0.6332990053238737	0.36670099467612594
0.6256631488258815	0.37433685117411813
0.6330707550952234	0.3669292449047763
0.6328122080360635	0.36718779196393614
0.6321158466650142	0.3678841533349855
0.6262267949964382	0.3737732050035615
0.6302862804594933	0.3697137195405063
0.6326028855013285	0.3673971144986712
0.6252375519044696	0.37476244809553005
0.6304377327505897	0.36956226724941005
0.6315521649839246	0.368447835016075
0.6317067291319765	0.3682932708680232
0.626062991510054	0.3739370084899457
0.626096638716715	0.3739033612832847
0.6313591280670215	0.3686408719329781
0.6320895843700608	0.36791041562993887
0.6315437009843958	0.36845629901560384
0.6254901469927612	0.3745098530072385
0.6251591961537875	0.37484080384621216
0.6300821602067883	0.36991783979321136
0.6251436703697558	0.37485632963024385
0.6265973039912197	0.37340269600877996
0.6271183124728603	0.37288168752713935
0.6258751714880185	0.37412482851198114
0.6265121047105877	0.37348789528941195
0.625141789300037	0.3748582106999626
0.6317376037399534	0.3682623962600463
0.6340549139328906	0.36594508606710907
0.633286825647852	0.3667131743521477
0.6249856278552445	0.3750143721447552
0.6285858329193377	0.371414167080662
0.6294567651708267	0.37054323482917295
0.6338523164195298	0.36614768358046984
0.6329823170828318	0.36701768291716785
0.6272878220734106	0.37271217792658906
0.6343150856382948	0.3656849143617049
0.6340463421714428	0.3659536578285568
0.6332799929824438	0.3667200070175559
0.6344774167851142	0.3655225832148855
0.6249471341039545	0.3750528658960451
0.6258293552128817	0.37417064478711787
0.6334765015246535	0.3665234984753462
0.6291693780573641	0.3708306219426356
0.6286368679698473	0.37136313203015237
0.6256783068428723	0.3743216931571274
0.6329615637948369	0.3670384362051628
0.6285046974428573	0.37149530255714236
0.6312293841019865	0.3687706158980132
0.6282646929942979	0.37173530700570184
0.6327766540355513	0.3672233459644484
0.6341574551368895	0.3658425448631102
0.632059649746153	0.36794035025384664
0.6303397341956625	0.36966026580433725
0.6270320233928042	0.37296797660719555
0.6287643812814411	0.3712356187185586
0.6290385959362454	0.3709614040637542
0.6342215779322647	0.3657784220677349
0.6287981101216535	0.37120188987834607
0.6251995134721059	0.3748004865278938
0.630654192505461	0.36934580749453866
0.6301795657574274	0.36982043424257227
0.6281558599376262	0.3718441400623735
0.6329783934070151	0.36702160659298455
0.6291121047578258	0.3708878952421739
0.633558784820604	0.36644121517939565
0.6291729970488962	0.37082700295110355
0.6299781752282069	0.3700218247717928
0.627991968066359	0.3720080319336407
0.6324487427528025	0.3675512572471971
0.628320437688777	0.3716795623112227
0.6289376042274331	0.37106239577256656
0.6280784200259528	0.3719215799740468
0.6255106601661511	0.3744893398338486
0.6291855391573601	0.3708144608426396
0.6317383105289757	0.368261689471024
0.6282173935001371	0.3717826064998626
0.6328328886383306	0.367167111361669
0.6301530212338511	0.3698469787661485
0.6252561897641131	0.3747438102358866
0.6334326280808567	0.36656737191914307
0.6299411774134509	0.37005882258654876
0.6254549752362666	0.3745450247637331
0.6331993890828819	0.3668006109171178
0.631270041617155	0.3687299583828446
0.6285758999987727	0.37142410000122694
0.6267678465661415	0.3732321534338582
0.6311135542817244	0.3688864457182752
0.6316146151896275	0.3683853848103722
0.6327067339779227	0.367293266022077
0.6330688783444411	0.3669311216555585
0.6317326508200254	0.3682673491799742
0.6262526993616137	0.373747300638386
0.6284170382276824	0.3715829617723173
0.629952449440354	0.37004755055964567
0.6260977493928412	0.3739022506071584
0.6303329502189181	0.36966704978108156
0.6310698312191536	0.36893016878084606
0.6289152896437887	0.37108471035621093
0.6294081196604071	0.37059188033959256
0.6336874696950332	0.3663125303049664
0.6267860967853968	0.3732139032146029
0.6342240880493079	0.3657759119506918
0.6260365566185818	0.37396344338141785
0.6267157612501509	0.37328423874984873
0.6278494244521869	0.3721505755478127
0.6305548757971806	0.36944512420281905
0.6286222216714753	0.37137777832852437
0.6260958360039568	0.37390416399604287
0.6272279803595973	0.3727720196404024
0.6323712062053515	0.3676287937946482
0.6274482445350241	0.37255175546497554
0.6282247416580024	0.3717752583419973
0.6311014214198056	0.36889857858019404
0.6265710794543861	0.3734289205456136
0.6293376010931185	0.37066239890688113
0.6295490686961877	0.370450931303812
0.6317920203907061	0.3682079796092936
0.633061339324268	0.36693866067573166
0.6258150800246145	0.37418491997538517
0.6273684062915339	0.3726315937084658
0.6290557266930465	0.3709442733069531
0.6324226487398187	0.367577351260181
0.6313957736695407	0.368604226330459
0.6343097443938774	0.3656902556061222
0.629608975530675	0.3703910244693247
0.6320962034265831	0.36790379657341654
0.6251768818745038	0.3748231181254958
0.6333246218701162	0.3666753781298835
0.6330313801541108	0.36696861984588885
0.6305430578456792	0.36945694215432046
0.6298959473397832	0.3701040526602165
0.6299993586356227	0.3700006413643769
0.6276772450065342	0.37232275499346545
0.6274303469645277	0.3725696530354719
0.627342675366744	0.3726573246332556
0.6276319142963787	0.372368085703621
0.633079945480727	0.3669200545192727
0.627049630243834	0.3729503697561657
0.6265816269574578	0.37341837304254194
0.6314564553052558	0.3685435446947438
0.6263608497782607	0.37363915022173905
0.6288852053693698	0.3711147946306299
0.6324079542029228	0.3675920457970768
0.6303494086394275	0.36965059136057216
0.6310260311944598	0.3689739688055399
0.630871489257126	0.3691285107428737
0.6320678078862807	0.36793219211371897
0.6346428123568153	0.36535718764318437
0.6269373832594263	0.3730626167405734
0.6303251075739758	0.3696748924260239
0.6337980200362863	0.3662019799637134
0.6302709093641239	0.3697290906358758
0.6344614957622473	0.36553850423775236
0.629669734264355	0.37033026573564465
0.6320622034323562	0.36793779656764347
0.6333111359521961	0.36668886404780354
0.6316301404644491	0.36836985953555057
0.6334529908799679	0.3665470091200318
0.6277565472500882	0.37224345274991144
0.6305131114024697	0.36948688859753
0.628876799550129	0.3711232004498707
0.6299371578445523	0.37006284215544744
0.6305245820967198	0.36947541790327987
0.6339634995726517	0.366036500427348
0.6296929484831495	0.37030705151685017
0.632335710391298	0.3676642896087017
0.6321054234226859	0.36789457657731367
0.6339042115925099	0.3660957884074898
0.6331503227346298	0.3668496772653699
0.6333413070340685	0.3666586929659311
0.6282176061590155	0.3717823938409842
0.6289994291410764	0.37100057085892324
0.6251379292743462	0.3748620707256534
0.6326924941883658	0.36730750581163385
0.6276806493821758	0.37231935061782384
0.629235377699109	0.3707646223008907
0.6269708071897324	0.3730291928102672
0.6344085048540395	0.3655914951459601
0.6282246409264586	0.3717753590735411
0.6279305540990971	0.3720694459009025
0.6279587421471678	0.3720412578528318
0.6284752713497357	0.371524728650264
0.6264880106392996	0.37351198936070007
0.6305435088688185	0.36945649113118123
0.6334893810212128	0.3665106189787869
0.6330347704230811	0.3669652295769186
0.63299540256894	0.3670045974310596
0.634135317893654	0.3658646821063457
0.6266307175546654	0.3733692824453343
0.6328464238377707	0.367153576162229
0.6325056138267252	0.36749438617327446
0.6301802593673875	0.3698197406326122
0.6305356046050759	0.3694643953949239
0.6279439224980121	0.37205607750198755
0.6298096249000169	0.37019037509998276
0.626991140407032	0.3730088595929677
0.6308595186577934	0.36914048134220623
0.6321686984431341	0.36783130155686555
0.6259012567589244	0.3740987432410753
0.6274414209840113	0.3725585790159883
0.6315069762963496	0.3684930237036501
0.6306456132174174	0.3693543867825823
0.628575926995939	0.3714240730040607
0.627848372283619	0.37215162771638066
0.6344624646157457	0.3655375353842539
0.6308417928286324	0.36915820717136727
0.6305074840674535	0.3694925159325462
0.6330359243053929	0.36696407569460676
0.6276239781156252	0.37237602188437446
0.6264976080163437	0.373502391983656
0.6270762034690398	0.3729237965309598
0.6312884100084124	0.36871158999158726
0.6253929280546379	0.3746070719453618
0.6249814920573775	0.37501850794262215
0.6255701346646056	0.37442986533539396
0.6275761964634277	0.372423803536572
0.6287815377040566	0.37121846229594296
0.6264164183479279	0.37358358165207173
0.6283459605794589	0.37165403942054076
0.6250330595636896	0.37496694043631007
0.6343159232683973	0.36568407673160247
0.629697097048812	0.3703029029511876
0.6338180616478599	0.36618193835213975
0.6340146607740729	0.3659853392259268
0.6300193017766171	0.36998069822338253
0.6288433396400054	0.3711566603599943
0.6257351968755983	0.37426480312440136
0.6327752112630308	0.36722478873696884
0.6313496530922822	0.3686503469077175
0.6270856477547921	0.3729143522452075
0.6315250636123306	0.36847493638766904
0.6255280931287648	0.3744719068712349
0.6299764237188512	0.37002357628114846
0.6307734667546767	0.36922653324532295
0.6263130606956349	0.3736869393043648
0.6271234337609852	0.37287656623901444
0.6299963350388031	0.3700036649611965
0.632525243891868	0.36747475610813163
0.6261165639839253	0.3738834360160743
0.6283313782294181	0.3716686217705816
0.6278276828301783	0.37217231716982135
0.6343730607162053	0.36562693928379436
0.6309189138169308	0.3690810861830689
0.6324092487794337	0.36759075122056595
0.6305837605477969	0.3694162394522028
0.6325906441638175	0.36740935583618217
0.6316957017320132	0.3683042982679865
0.6334169161417539	0.3665830838582458
0.6332107038362275	0.3667892961637722
0.6260987888902424	0.37390121110975727
0.625067551251787	0.37493244874821263
0.6345628320632148	0.3654371679367848
0.6284201601354472	0.37157983986455245
0.6290192363952332	0.3709807636047665
0.6345409950645975	0.3654590049354022
0.6266283747147269	0.3733716252852728
0.6252300889670726	0.3747699110329271
0.6319413402531164	0.36805865974688323
0.6316248548735259	0.36837514512647374
0.6282051977978728	0.3717948022021269
0.6331901267543878	0.3668098732456119
0.6265994485111706	0.37340055148882906
0.6288544939869564	0.3711455060130433
0.6262164700408313	0.37378352995916836
0.6334472780408178	0.36655272195918187
0.6343852072296677	0.36561479277033193
0.6261447456727803	0.37385525432721933
0.6326967016245948	0.3673032983754049
0.6291562152629987	0.37084378473700097
0.6317906326542704	0.36820936734572934
0.6281742000315753	0.3718257999684244
0.6250996274508306	0.3749003725491691
0.6255449374845746	0.37445506251542504
0.6331921582196928	0.3668078417803069
0.6340353144142234	0.3659646855857762
0.6269056612736588	0.3730943387263409
0.6278787394930148	0.3721212605069849
0.6288205574795572	0.37117944252044244
0.6286637141024283	0.37133628589757134
0.6326178362620878	0.3673821637379119
0.6324920250980948	0.3675079749019049
0.6280126664664789	0.3719873335335207
0.6286564851956848	0.3713435148043148
0.6325582254924298	0.3674417745075699
0.6323939353417328	0.36760606465826684
0.6253870491509936	0.37461295084900603
0.625729806580328	0.3742701934196717
0.6310818126973339	0.36891818730266585
0.6285252008743392	0.37147479912566045
0.6319505049902381	0.36804949500976164
0.6340191913110387	0.36598080868896093
0.6296623999186285	0.3703376000813712
0.6311400092919104	0.3688599907080893
0.6323564000879275	0.3676435999120722
0.629045892880423	0.3709541071195766
0.6300645368067815	0.36993546319321813
0.6273944206598135	0.3726055793401861
0.6319176669567091	0.3680823330432905
0.6334338287299518	0.36656617127004787
0.6328133707940766	0.3671866292059231
0.631072479791659	0.36892752020834063
0.6279700770924743	0.37202992290752535
0.6257770212979231	0.37422297870207655
0.6252222303806902	0.3747777696193095
0.6271448388105927	0.372855161189407
0.6320015898803847	0.367998410119615
0.6249874969398072	0.3750125030601925
0.6285249554842048	0.37147504451579483
0.627263417246297	0.3727365827537027
0.6323444928893849	0.36765550711061484
0.6333434968620897	0.36665650313791004
0.6330933471397404	0.3669066528602592
0.6323342763325966	0.367665723667403
0.629654868695818	0.3703451313041817
0.6298360609723243	0.3701639390276754
0.6302799282082672	0.3697200717917325
0.6277621934700095	0.3722378065299901
0.6331740126979344	0.3668259873020653
0.6323002700865255	0.36769972991347427
0.6305810180384163	0.3694189819615834
0.6277211511387415	0.37227884886125817
0.6325299500314103	0.36747004996858934
0.6335477650087313	0.3664522349912683
0.6323751972711722	0.36762480272882747
0.6260085492560472	0.3739914507439525
0.6325398953570059	0.3674601046429937
0.629789161792124	0.3702108382078757
0.6329811127787975	0.36701888722120213
0.6301964122577615	0.3698035877422382
0.6293409921681727	0.37065900783182687
0.6256252033335721	0.37437479666642753
0.6271731776192103	0.37282682238078935
0.6275091868691494	0.3724908131308503
0.6262546995253907	0.37374530047460897
0.633225539915494	0.36677446008450565
0.6283194870573485	0.3716805129426512
0.6326200926686338	0.3673799073313659
0.6335059905184605	0.3664940094815392
0.6291630664110418	0.37083693358895786
0.6345852872257485	0.36541471277425114
0.6252170370535127	0.37478296294648694
0.6250389635288643	0.3749610364711353
0.6331536092607856	0.3668463907392141
0.6274436972132126	0.3725563027867871
0.6290760312925725	0.3709239687074271
0.6281698760719608	0.3718301239280388
0.6274405245414602	0.3725594754585395
0.6304877073102524	0.3695122926897473
0.6293504753061062	0.37064952469389345
0.6260636065562364	0.3739363934437633
0.6325656838379015	0.36743431616209826
0.6289075070617642	0.37109249293823543
0.633723884152247	0.36627611584775266
0.6274948749114921	0.3725051250885075
0.6258525990867033	0.37414740091329635
0.6254424641651559	0.37455753583484375
0.6254256091133241	0.3745743908866755
0.627999614532834	0.37200038546716563
0.6275133136352414	0.37248668636475823
0.6272399443306681	0.37276005566933157
0.6289441107355772	0.37105588926442246
0.6331325263415685	0.3668674736584312
0.6302548422838943	0.36974515771610533
0.6328175434256551	0.36718245657434456
0.6332610909387615	0.36673890906123824
0.629612715705394	0.37038728429460566
0.627348590439509	0.3726514095604907
0.6332073119020726	0.3667926880979271
0.6279748202080999	0.37202517979189975
0.6286611420744397	0.37133885792556
0.6280273447639041	0.3719726552360956
0.6300917387678477	0.3699082612321519
0.631593554603488	0.3684064453965117
0.6255373670417903	0.3744626329582094
0.6334613168570076	0.3665386831429921
0.6284526905940293	0.3715473094059703
0.6345302193753248	0.3654697806246748
0.6327797007225531	0.3672202992774466
0.6299344822793617	0.370065517720638
0.6307793374825404	0.3692206625174592
0.6295234561570637	0.37047654384293593
0.6284696613408696	0.37153033865913004
0.6326118367212132	0.3673881632787864
0.6290522125088599	0.37094778749113977
0.627518486616492	0.37248151338350766
0.6281701729646487	0.37182982703535095
0.6312101060773495	0.36878989392265016
0.6282903671992475	0.3717096328007522
0.6276119493698236	0.3723880506301761
0.6326775012446766	0.3673224987553231
0.6302210699166348	0.3697789300833648
0.6289844331319931	0.3710155668680065
0.6289395598862615	0.3710604401137382
0.625070919939305	0.3749290800606947
0.6322677680822791	0.36773223191772053
0.6301565840456719	0.3698434159543278
0.6323149103555545	0.36768508964444513
0.6273830564904241	0.3726169435095755
0.6325992555815225	0.3674007444184771
0.6253431399890399	0.37465686001095977
0.626363179188947	0.37363682081105265
0.6270246342087391	0.37297536579126056
0.6342591741679982	0.3657408258320015
0.6333754424074826	0.3666245575925171
0.6316466565121739	0.3683533434878258
0.6325058522451704	0.36749414775482925
0.6301505423618824	0.3698494576381173
0.6339046335590555	0.3660953664409442
0.63443710758378	0.36556289241621964
0.6307608286830328	0.3692391713169668
0.6315708817862593	0.36842911821374036
0.6321186318843433	0.3678813681156564
0.6274188032428867	0.37258119675711293
0.6300409821015218	0.36995901789847785
0.6297284176780437	0.370271582321956
0.6303471575014385	0.3696528424985612
0.6261674648381754	0.3738325351618242
0.6282336491848972	0.37176635081510245
0.6330213365231157	0.36697866347688396
0.6289893149060316	0.37101068509396806
0.6330212808362473	0.36697871916375235
0.6285851941951208	0.37141480580487884
0.6266354915824998	0.3733645084174999
0.629956424246119	0.3700435757538807
0.6277959999544062	0.3722040000455935
0.6337719006673526	0.3662280993326471
0.6286448115193191	0.3713551884806806
0.6260546254426402	0.37394537455735943
0.6268601938413662	0.3731398061586335
0.6291584889277668	0.3708415110722328
0.6334699296064993	0.3665300703935004
0.6300140951187305	0.36998590488126915
0.6333390213132448	0.3666609786867549
0.6285435710059654	0.3714564289940343
0.6343242166219312	0.3656757833780685
0.6316898396356727	0.36831016036432696
0.6286403455789842	0.37135965442101554
0.6267555318379878	0.37324446816201184
0.6260338841994126	0.373966115800587
0.6292285037820553	0.3707714962179444
0.6266895945471956	0.37331040545280403
0.6299305260957256	0.370069473904274
0.6259043290486785	0.3740956709513211
0.630606949591452	0.36939305040854764
0.6287643041833146	0.371235695816685
0.6261582194635591	0.3738417805364405
0.6345201564918472	0.36547984350815244
0.628179090286976	0.3718209097130236
0.6293309951146988	0.37066900488530086
0.6322520435602106	0.3677479564397891
0.6257983567386055	0.37420164326139416
0.6313582583650768	0.3686417416349229
0.6255357922324626	0.3744642077675371
0.6308614722135091	0.36913852778649064
0.6249064621861155	0.3750935378138842
0.6314263919436832	0.36857360805631645
0.631584060321894	0.3684159396781057
0.6302139421818654	0.36978605781813423
0.6315209266683731	0.36847907333162655
0.63006741506216	0.36993258493783965
0.6327223790853387	0.36727762091466104
0.6289649417922566	0.3710350582077431
0.6325276589096214	0.36747234109037824
0.6283501665332035	0.37164983346679614
0.6265259437907584	0.3734740562092412
0.6340407465854478	0.36595925341455177
0.6337961820365674	0.36620381796343227
0.6312556367361567	0.36874436326384297
0.6310656482664923	0.36893435173350736
0.634182830922744	0.36581716907725575
0.6330692823153429	0.3669307176846568
0.6294856159822995	0.3705143840177002
0.6341485219477747	0.36585147805222495
0.6254531586988574	0.3745468413011423
0.6289524363430977	0.37104756365690195
0.626047106264142	0.37395289373585777
0.6289361772862844	0.3710638227137153
0.6293588291601514	0.37064117083984827
0.6276304549981654	0.3723695450018343
0.6293516433534581	0.3706483566465416
0.6336036469173554	0.3663963530826443
0.6330323475887607	0.3669676524112389
0.6302232444024047	0.36977675559759493
0.6306636713657686	0.36933632863423105
0.6281611627609918	0.37183883723900785
0.6260472550730449	0.37395274492695474
0.6308919508399482	0.36910804916005147
0.6346393721636031	0.36536062783639656
0.6264004953782052	0.37359950462179453
0.6296675672626768	0.3703324327373229
0.6320406568499006	0.36795934315009904
0.6343881618503535	0.3656118381496462
0.6325817912220615	0.3674182087779382
0.6287197383054718	0.3712802616945279
0.6340712902853797	0.36592870971462
0.6249243740052526	0.3750756259947471
0.6346728740299129	0.36532712597008676
0.6339286633387128	0.3660713366612869
0.6276819964147757	0.37231800358522393
0.626750964207095	0.3732490357929047
0.625078115317404	0.3749218846825957
0.631019252041109	0.3689807479588907
0.6284351496245388	0.37156485037546083
0.6296572792258057	0.37034272077419395
0.628398038926648	0.37160196107335164
0.6318460658440009	0.36815393415599873
0.631840299776893	0.3681597002231067
0.6314656595954721	0.3685343404045276
0.6268155010166039	0.3731844989833958
0.6334424395251733	0.36655756047482635
0.6276298822304953	0.37237011776950435
0.6333655335980511	0.3666344664019485
0.6305403935577726	0.3694596064422271
0.6258762190893499	0.37412378091064985
0.6251344571055261	0.3748655428944736
0.6268676594403881	0.37313234055961153
0.6335072111527591	0.3664927888472406
0.6319984773856887	0.36800152261431096
0.6307409958654431	0.3692590041345566
0.6319602013741809	0.3680397986258188
0.6318970361099256	0.368102963890074
0.6252561786765448	0.37474382132345485
0.6330165189873527	0.366983481012647
0.6264115904046261	0.37358840959537354
0.6312571570528078	0.3687428429471919
0.6320811186628116	0.3679188813371881
0.6332792562779045	0.3667207437220952
0.6301549186882743	0.36984508131172533
0.6300740010316033	0.3699259989683964
0.6293028993268082	0.37069710067319156
0.6262766730286643	0.37372332697133537
0.626195575506515	0.3738044244934848
0.6332451665711167	0.36675483342888293
0.6306407887539474	0.3693592112460523
0.6263993517677746	0.373600648232225
0.6252205810883846	0.37477941891161504
0.6278653300038808	0.3721346699961189
0.6274663199377833	0.3725336800622163
0.6293179054297573	0.37068209457024237
0.6313783293617901	0.3686216706382096
0.6324302058404009	0.3675697941595988
0.6337064841762259	0.3662935158237738
0.6322676157266455	0.3677323842733542
0.6335952037075212	0.3664047962924784
0.6322068000688461	0.36779319993115356
0.6334953556800864	0.36650464431991325
0.6255460348830979	0.37445396511690177
0.6274603826318551	0.37253961736814456
0.632476701879541	0.36752329812045875
0.6303708528724323	0.36962914712756734
0.6271404225818289	0.3728595774181707
0.6332813965203762	0.3667186034796235
0.6333249852760328	0.36667501472396696
0.6273577367665857	0.37264226323341393
0.6268556179473246	0.373144382052675
0.6312317038427203	0.36876829615727935
0.6333085794170421	0.36669142058295756
0.6284114410425141	0.3715885589574856
0.6250838557198184	0.3749161442801813
0.6281326638542518	0.37186733614574785
0.6256736614171075	0.3743263385828922
0.6343040291257529	0.36569597087424677
0.6319991838476554	0.36800081615234426
0.6249577302674755	0.3750422697325242
0.6278308868783459	0.3721691131216538
0.624993546389336	0.37500645361066365
0.6256969519115066	0.374303048088493
0.6330979971758814	0.3669020028241182
0.6267424125889607	0.373257587411039
0.6322279891556354	0.3677720108443643
0.6289438242445693	0.3710561757554304
0.6296537143696856	0.37034628563031396
0.6338900993210611	0.36610990067893856
0.6267168266463268	0.3732831733536729
0.6320814111262707	0.36791858887372897
0.6274476153484064	0.37255238465159324
0.6275084456298152	0.3724915543701844
0.6287696255897657	0.371230374410234
0.626885218340349	0.3731147816596507
0.6310067746038495	0.36899322539615026
0.6334218080099565	0.3665781919900432
0.62599552841593	0.37400447158406963
0.6323673414643008	0.3676326585356988
0.6258401539225964	0.3741598460774032
0.625172757005399	0.3748272429946007
0.6321131817323863	0.3678868182676134
0.6336936408101981	0.36630635918980164
0.6341658810876338	0.36583411891236584
0.6321433236755516	0.3678566763244481
0.6272124810719192	0.3727875189280805
0.6318739449809294	0.3681260550190702
0.626343413567055	0.37365658643294464
0.6278118241215681	0.37218817587843156
0.6298353601674674	0.3701646398325322
0.633954033593475	0.36604596640652465
0.6326192768017844	0.36738072319821524
0.6300713412240275	0.36992865877597214
0.6315272952075631	0.36847270479243655
0.6249101706585745	0.3750898293414252
0.6343179587157196	0.36568204128428006
0.6329452206130131	0.3670547793869866
0.6293582793285362	0.37064172067146345
0.6255123161516621	0.3744876838483375
0.6259708059548215	0.3740291940451782
0.631422219352831	0.3685777806471686
0.6311674518487501	0.36883254815124955
0.6346452682758665	0.3653547317241332
0.6278190256335529	0.3721809743664468
0.6276686576075009	0.37233134239249877
0.6330280535278872	0.3669719464721125
0.6324835175229415	0.36751648247705815
0.6344317857826169	0.3655682142173827
0.6294368413420681	0.3705631586579315
0.6300329893677706	0.36996701063222903
0.6335097813244538	0.3664902186755459
0.6282129675628724	0.3717870324371273
0.6345902604718807	0.36540973952811895
0.6276954100514597	0.37230458994854
0.6275796604319265	0.3724203395680732
0.6296716992093125	0.37032830079068707
0.628121071777699	0.3718789282223006
0.6306941889678629	0.3693058110321368
0.627790397200494	0.37220960279950566
0.6302582436528984	0.36974175634710127
0.6323721569422844	0.36762784305771523
0.630761853235085	0.3692381467649146
0.6313482374055844	0.36865176259441523
0.6278945883249082	0.3721054116750915
0.6250923610284563	0.37490763897154333
0.6260383223841848	0.3739616776158149
0.6260433109281869	0.3739566890718128
0.6319460012977454	0.3680539987022543
0.6250502442659481	0.37494975573405154
0.6313913343863681	0.3686086656136316
0.6297045678746308	0.37029543212536886
0.6340215651522509	0.3659784348477488
0.6273430454146238	0.37265695458537584
0.6314373053958275	0.3685626946041722
0.6290213536307248	0.3709786463692749
0.6283946600790868	0.3716053399209129
0.6320271843684906	0.36797281563150913
0.6330433260748254	0.3669566739251743
0.6291420426492187	0.370857957350781
0.6289176989381439	0.3710823010618558
0.6337637193276774	0.3662362806723223
0.6322892229514491	0.3677107770485506
0.6323228981207244	0.36767710187927527
0.6333225142613079	0.3666774857386917
0.6314450381472221	0.3685549618527776
0.6340687276851166	0.3659312723148831
0.6252642269926958	0.3747357730073038
0.6334830871645842	0.36651691283541543
0.6295944725865793	0.37040552741342037
0.6313583574470851	0.36864164255291454
0.6258123219236217	0.374187678076378
0.631812111358951	0.36818788864104873
0.6269856404444734	0.3730143595555263
0.6292708687204419	0.37072913127955776
0.6343695850964737	0.36563041490352605
0.6264560234357021	0.3735439765642976
0.6283448009881647	0.37165519901183497
0.6261062154373418	0.37389378456265787
0.627693131043077	0.37230686895692267
0.6265910826135423	0.3734089173864573
0.6299712802740776	0.37002871972592205
0.6260196712553068	0.3739803287446929
0.6249401274536506	0.37505987254634915
0.628563160999519	0.37143683900048063
0.625110952409677	0.37488904759032265
0.6301765053892939	0.36982349461070574
0.6312038615836184	0.3687961384163813
0.6258475756550597	0.37415242434493995
0.6308084934246714	0.3691915065753283
0.6280678744698379	0.37193212553016175
0.6276244581825117	0.37237554181748805
0.6325571410656912	0.3674428589343085
0.6265657764343886	0.37343422356561107
0.6283544094136437	0.3716455905863559
0.63048583497727	0.3695141650227297
0.6306103637778655	0.36938963622213417
0.6294132493081728	0.37058675069182695
0.6308259248328385	0.3691740751671611
0.6314628887849654	0.36853711121503435
0.627066907584606	0.37293309241539363
0.6333402246481178	0.3666597753518819
0.6260493271123936	0.3739506728876061
0.6338191178209803	0.36618088217901934
0.6316558899052607	0.368344110094739
0.6336308785196436	0.36636912148035605
0.6305595289233404	0.3694404710766592
0.626984555919528	0.37301544408047177
0.6252850016150806	0.37471499838491906
0.624973019114328	0.3750269808856716
0.6263370193786341	0.3736629806213656
0.6265050579859299	0.37349494201406974
0.633955647586172	0.3660443524138277
0.6281057193031794	0.3718942806968203
0.6307732707295761	0.3692267292704235
0.6314315903395378	0.3685684096604619
0.6276058018298389	0.37239419817016073
0.6323041409515078	0.3676958590484919
0.6305379366436448	0.36946206335635495
0.627919984948732	0.37208001505126764
0.6339322669193069	0.36606773308069274
0.6272404585010815	0.3727595414989182
0.6326489578509363	0.36735104214906333
0.6289757771505873	0.3710242228494124
0.6271864049992091	0.3728135950007906
0.6291458660081407	0.37085413399185896
0.6297648803395269	0.37023511966047273
0.626431562810506	0.3735684371894936
0.6295322064396551	0.37046779356034454
0.6297237838487466	0.37027621615125306
0.6257020382521046	0.3742979617478951
0.6292797376656358	0.3707202623343639
0.6269095866539807	0.37309041334601895
0.6322669664411259	0.36773303355887377
0.6318474277531867	0.3681525722468129
0.6306570573772063	0.36934294262279327
0.6310070615209066	0.3689929384790931
0.632599221740349	0.3674007782596507
0.6287381340978431	0.3712618659021566
0.6305750413535569	0.3694249586464427
0.6299659134775314	0.3700340865224683
0.6283263310191994	0.37167366898080023
0.6297752213704676	0.37022477862953207
0.6296889459402004	0.37031105405979925
0.6273718175910948	0.37262818240890483
0.6295486928946432	0.3704513071053565
0.6315126616241254	0.3684873383758742
0.625051931046655	0.37494806895334465
0.633444579426597	0.3665554205734027
0.6280293984630447	0.37197060153695494
0.633612178088677	0.36638782191132263
0.6317636765342313	0.3682363234657684
0.6253284716538589	0.3746715283461408
0.6260330969899565	0.3739669030100432
0.6259034785807454	0.37409652141925426
0.6253010659110344	0.37469893408896526
0.6280718702458687	0.3719281297541309
0.6303078430849849	0.3696921569150148
0.6254947381457892	0.3745052618542105
0.6337161262889952	0.36628387371100446
0.6315231431857435	0.3684768568142561
0.6295887177289987	0.37041128227100095
0.6283243894114112	0.3716756105885884
0.6268388512465415	0.37316114875345824
0.6271818291726967	0.3728181708273029
0.6310929506635197	0.36890704933648005
0.6309437222141681	0.3690562777858316
0.6265183033989155	0.37348169660108416
0.625424421567095	0.37457557843290473
0.6303680297059308	0.3696319702940689
0.6260757256262865	0.37392427437371306
0.6329425227268939	0.36705747727310584
0.6325482749258626	0.3674517250741371
0.6318399642980566	0.36816003570194317
0.6303117404117602	0.36968825958823953
0.6326690422721266	0.3673309577278731
0.6249188684756631	0.37508113152433653
0.6321376900309517	0.367862309969048
0.6328912530287281	0.3671087469712716
0.6283516290816005	0.37164837091839925
0.6261373982023546	0.3738626017976451
0.6338860824820968	0.3661139175179029
0.6271966554581543	0.3728033445418454
0.6251902865770886	0.37480971342291103
0.6260493262887127	0.373950673711287
0.6337261148654	0.3662738851345997
0.6252063729203141	0.37479362707968555
0.6340188873255286	0.3659811126744711
0.6321158031061923	0.36788419689380736
0.625117062543538	0.37488293745646156
0.6271269232044094	0.3728730767955902
0.634480739644049	0.3655192603559506
0.6266810160946537	0.37331898390534596
0.6248996110752548	0.37510038892474484
0.6288891034244378	0.37111089657556184
0.6248963178393429	0.3751036821606568
0.6270119947136182	0.37298800528638143
0.6272530943172383	0.37274690568276136
0.6300586988727118	0.36994130112728785
0.6311808543912915	0.3688191456087082
0.6305997625469384	0.36940023745306133
0.6302664747051243	0.3697335252948753
0.6344441372340752	0.36555586276592444
0.6255906537242326	0.37440934627576705
0.6306355762818816	0.369364423718118
0.6270738932295497	0.37292610677045
0.6262122657683464	0.3737877342316533
0.6291130448093598	0.37088695519063986
0.6254081811966883	0.3745918188033114
0.6257141794693218	0.3742858205306778
0.6269940299133842	0.3730059700866155
0.629698773229438	0.37030122677056165
0.6272700576548108	0.37272994234518886
0.6346112680947096	0.3653887319052901
0.6343641449392071	0.36563585506079255
0.6275824623715546	0.3724175376284451
0.6315621504080691	0.3684378495919306
0.6323555278915697	0.36764447210843
0.6315191010946659	0.36848089890533375
0.6284760514189704	0.3715239485810292
0.6288744369732193	0.3711255630267804
0.6259855186253316	0.37401448137466803
0.6306249285278617	0.369375071472138
0.6313912159410732	0.3686087840589265
0.6306048399117434	0.36939516008825624
0.6316646176575383	0.3683353823424613
0.6288186730406253	0.37118132695937434
0.6318073334334262	0.36819266656657346
0.6316681262116632	0.36833187378833643
0.628464094338719	0.37153590566128064
0.6310642210375166	0.3689357789624831
0.6295597251381038	0.3704402748618959
0.6313742319776777	0.36862576802232194
0.632755798175804	0.3672442018241957
0.6339692099851564	0.36603079001484334
0.6270007388525385	0.3729992611474612
0.6326803502627718	0.36731964973722786
0.6297636866433322	0.3702363133566675
0.6322109068345323	0.3677890931654674
0.6327266662414041	0.3672733337585956
0.6319680305829177	0.36803196941708194
0.6316274257655901	0.36837257423440967
0.6338012299708707	0.36619877002912893
0.6286503195377153	0.37134968046228434
0.6263260505809228	0.37367394941907683
0.629619066134006	0.3703809338659937
0.6307902014351646	0.36920979856483505
0.6282463790587162	0.3717536209412835
0.6254481513495481	0.37455184865045155
0.6261120825388764	0.3738879174611233
0.6274389252606045	0.37256107473939515
0.63030482600397	0.3696951739960297
0.6338215646220491	0.3661784353779506
0.627265839575404	0.37273416042459556
0.6308912525533967	0.36910874744660294
0.6308938014053507	0.369106198594649
0.6262284820919233	0.37377151790807644
0.6300541997558899	0.3699458002441097
0.6317295688816873	0.36827043111831237
0.6312661284821639	0.3687338715178358
0.6320560585561732	0.36794394144382647
0.6312095393514982	0.3687904606485015
0.6324216957076978	0.3675783042923019
0.6329452521881823	0.36705474781181735
0.6285432555035914	0.3714567444964083
0.6267501966699586	0.3732498033300411
0.6270232996108429	0.37297670038915676
0.6273827306975179	0.37261726930248174
0.6278993305351404	0.3721006694648593
0.6284855398291358	0.3715144601708638
0.631325402545613	0.36867459745438663
0.6259658181589954	0.37403418184100423
0.6269353792625523	0.3730646207374474
0.6314285135416022	0.3685714864583975
0.6297752980624056	0.37022470193759405
0.6287055550095715	0.37129444499042813
0.6312348795807053	0.3687651204192943
0.6273966814945005	0.3726033185054992
